ticket_id,status,agent_id,start_ts,completion_ts,arrival_ts,queue,priority,language,duration_slots,first_response_due_ts,resolution_due_ts,first_response_tardiness_min,resolution_tardiness_min
TKT-00001,scheduled,INT-01,2026-03-02 08:05:00,2026-03-02 09:20:00,2026-03-02 08:00:43,Integrations/API,P3,EN,15,2026-03-02 12:00:43,2026-03-04 08:01:00,0.00,0.00
TKT-00002,scheduled,GEN-01,2026-03-02 08:10:00,2026-03-02 08:35:00,2026-03-02 08:05:44,Account Access,P2,EN,5,2026-03-02 09:05:44,2026-03-03 08:06:00,0.00,0.00
TKT-00003,scheduled,GEN-02,2026-03-02 08:15:00,2026-03-02 08:30:00,2026-03-02 08:13:43,Account Access,P2,EN,3,2026-03-02 09:13:43,2026-03-03 08:14:00,0.00,0.00
TKT-00004,scheduled,PS-02,2026-03-02 08:25:00,2026-03-02 08:50:00,2026-03-02 08:20:05,Product Support,P3,EN,5,2026-03-02 12:20:05,2026-03-04 08:21:00,0.00,0.00
TKT-00005,scheduled,PS-01,2026-03-02 08:25:00,2026-03-02 09:45:00,2026-03-02 08:23:45,Product Support,P3,DE,16,2026-03-02 12:23:45,2026-03-04 08:24:00,0.00,0.00
TKT-00006,scheduled,INT-02,2026-03-02 08:30:00,2026-03-02 09:20:00,2026-03-02 08:26:51,Integrations/API,P2,EN,10,2026-03-02 09:26:51,2026-03-03 08:27:00,0.00,0.00
TKT-00007,scheduled,GEN-01,2026-03-02 08:35:00,2026-03-02 09:00:00,2026-03-02 08:30:28,Product Support,P3,EN,5,2026-03-02 12:30:28,2026-03-04 08:31:00,0.00,0.00
TKT-00008,scheduled,INT-01,2026-03-02 09:20:00,2026-03-02 10:55:00,2026-03-02 08:34:42,Integrations/API,P3,DE,19,2026-03-02 12:34:42,2026-03-04 08:35:00,0.00,0.00
TKT-00009,scheduled,SIC-01,2026-03-02 08:40:00,2026-03-02 10:15:00,2026-03-02 08:37:57,Product Support,P2,EN,19,2026-03-02 09:37:57,2026-03-03 08:38:00,0.00,0.00
TKT-00010,scheduled,GEN-02,2026-03-02 08:40:00,2026-03-02 08:55:00,2026-03-02 08:38:01,Product Support,P4,EN,3,2026-03-03 08:39:00,2026-03-09 08:39:00,0.00,0.00
TKT-00011,scheduled,GEN-03,2026-03-02 08:40:00,2026-03-02 09:25:00,2026-03-02 08:38:51,Product Support,P4,EN,9,2026-03-03 08:39:00,2026-03-09 08:39:00,0.00,0.00
TKT-00012,scheduled,GEN-01,2026-03-02 09:00:00,2026-03-02 09:35:00,2026-03-02 08:43:32,Billing,P4,DE,7,2026-03-03 08:44:00,2026-03-09 08:44:00,0.00,0.00
TKT-00013,scheduled,INT-02,2026-03-02 09:20:00,2026-03-02 10:10:00,2026-03-02 08:46:34,Integrations/API,P3,EN,10,2026-03-02 12:46:34,2026-03-04 08:47:00,0.00,0.00
TKT-00014,scheduled,GEN-02,2026-03-02 08:55:00,2026-03-02 09:25:00,2026-03-02 08:50:55,Billing,P3,EN,6,2026-03-02 12:50:55,2026-03-04 08:51:00,0.00,0.00
TKT-00015,scheduled,INT-02,2026-03-02 10:50:00,2026-03-02 12:40:00,2026-03-02 08:56:12,Integrations/API,P3,EN,22,2026-03-02 12:56:12,2026-03-04 08:57:00,0.00,0.00
TKT-00016,scheduled,PS-02,2026-03-02 09:00:00,2026-03-02 09:45:00,2026-03-02 08:57:28,Product Support,P4,EN,9,2026-03-03 08:58:00,2026-03-09 08:58:00,0.00,0.00
TKT-00017,scheduled,GEN-02,2026-03-02 09:25:00,2026-03-02 09:55:00,2026-03-02 09:04:07,Account Access,P2,EN,6,2026-03-02 10:04:07,2026-03-03 09:05:00,0.00,0.00
TKT-00018,scheduled,INT-01,2026-03-02 10:55:00,2026-03-02 12:50:00,2026-03-02 09:05:07,Integrations/API,P3,DE,23,2026-03-02 13:05:07,2026-03-04 09:06:00,0.00,0.00
TKT-00019,scheduled,GEN-01,2026-03-02 09:35:00,2026-03-02 09:45:00,2026-03-02 09:06:42,Account Access,P3,EN,2,2026-03-02 13:06:42,2026-03-04 09:07:00,0.00,0.00
TKT-00020,scheduled,GEN-03,2026-03-02 09:25:00,2026-03-02 09:50:00,2026-03-02 09:07:48,Account Access,P3,EN,5,2026-03-02 13:07:48,2026-03-04 09:08:00,0.00,0.00
TKT-00021,scheduled,PS-01,2026-03-02 09:45:00,2026-03-02 10:25:00,2026-03-02 09:11:26,Product Support,P3,EN,8,2026-03-02 13:11:26,2026-03-04 09:12:00,0.00,0.00
TKT-00022,scheduled,GEN-02,2026-03-03 14:35:00,2026-03-03 15:45:00,2026-03-02 09:13:02,Account Access,P4,EN,14,2026-03-03 09:14:00,2026-03-09 09:14:00,321.00,0.00
TKT-00023,scheduled,GEN-02,2026-03-03 15:45:00,2026-03-03 15:55:00,2026-03-02 09:20:06,Account Access,P4,DE,2,2026-03-03 09:21:00,2026-03-09 09:21:00,384.00,0.00
TKT-00024,scheduled,SIC-01,2026-03-02 10:15:00,2026-03-02 11:20:00,2026-03-02 09:21:21,Integrations/API,P2,DE,13,2026-03-02 10:21:21,2026-03-03 09:22:00,0.00,0.00
TKT-00025,scheduled,GEN-01,2026-03-02 09:45:00,2026-03-02 10:15:00,2026-03-02 09:26:09,Billing,P3,EN,6,2026-03-02 13:26:09,2026-03-04 09:27:00,0.00,0.00
TKT-00026,scheduled,PS-02,2026-03-02 09:45:00,2026-03-02 10:15:00,2026-03-02 09:26:33,Product Support,P3,EN,6,2026-03-02 13:26:33,2026-03-04 09:27:00,0.00,0.00
TKT-00027,scheduled,INT-02,2026-03-02 12:40:00,2026-03-02 13:20:00,2026-03-02 09:28:33,Integrations/API,P3,EN,8,2026-03-02 13:28:33,2026-03-04 09:29:00,0.00,0.00
TKT-00028,scheduled,GEN-03,2026-03-02 09:50:00,2026-03-02 10:50:00,2026-03-02 09:47:37,Product Support,P3,EN,12,2026-03-02 13:47:37,2026-03-04 09:48:00,0.00,0.00
TKT-00029,scheduled,INT-01,2026-03-02 12:50:00,2026-03-02 13:25:00,2026-03-02 09:48:38,Integrations/API,P3,DE,7,2026-03-02 13:48:38,2026-03-04 09:49:00,0.00,0.00
TKT-00030,scheduled,PS-02,2026-03-03 09:20:00,2026-03-03 09:50:00,2026-03-02 09:50:14,Product Support,P4,EN,6,2026-03-03 09:51:00,2026-03-09 09:51:00,0.00,0.00
TKT-00031,scheduled,GEN-02,2026-03-02 09:55:00,2026-03-02 10:25:00,2026-03-02 09:51:30,Account Access,P3,EN,6,2026-03-02 13:51:30,2026-03-04 09:52:00,0.00,0.00
TKT-00032,scheduled,PS-01,2026-03-02 10:25:00,2026-03-02 11:05:00,2026-03-02 09:58:34,Product Support,P3,EN,8,2026-03-02 13:58:34,2026-03-04 09:59:00,0.00,0.00
TKT-00033,scheduled,PS-02,2026-03-02 10:15:00,2026-03-02 11:00:00,2026-03-02 10:00:11,Product Support,P2,EN,9,2026-03-02 11:00:11,2026-03-03 10:01:00,0.00,0.00
TKT-00034,scheduled,GEN-02,2026-03-02 10:25:00,2026-03-02 11:00:00,2026-03-02 10:03:05,Billing,P3,EN,7,2026-03-02 14:03:05,2026-03-04 10:04:00,0.00,0.00
TKT-00035,scheduled,INT-02,2026-03-02 10:10:00,2026-03-02 10:50:00,2026-03-02 10:04:35,Integrations/API,P2,EN,8,2026-03-02 11:04:35,2026-03-03 10:05:00,0.00,0.00
TKT-00036,scheduled,GEN-01,2026-03-02 10:15:00,2026-03-02 10:30:00,2026-03-02 10:06:49,Account Access,P2,EN,3,2026-03-02 11:06:49,2026-03-03 10:07:00,0.00,0.00
TKT-00037,scheduled,GEN-01,2026-03-02 10:30:00,2026-03-02 10:50:00,2026-03-02 10:08:31,Product Support,P3,EN,4,2026-03-02 14:08:31,2026-03-04 10:09:00,0.00,0.00
TKT-00038,scheduled,GEN-02,2026-03-02 11:00:00,2026-03-02 11:05:00,2026-03-02 10:10:56,Account Access,P3,DE,1,2026-03-02 14:10:56,2026-03-04 10:11:00,0.00,0.00
TKT-00039,scheduled,INT-02,2026-03-02 13:20:00,2026-03-02 13:35:00,2026-03-02 10:12:12,Integrations/API,P3,EN,3,2026-03-02 14:12:12,2026-03-04 10:13:00,0.00,0.00
TKT-00040,scheduled,PS-02,2026-03-02 11:00:00,2026-03-02 11:30:00,2026-03-02 10:13:01,Product Support,P3,EN,6,2026-03-02 14:13:01,2026-03-04 10:14:00,0.00,0.00
TKT-00041,scheduled,GEN-01,2026-03-02 11:05:00,2026-03-02 11:50:00,2026-03-02 10:15:34,Product Support,P3,EN,9,2026-03-02 14:15:34,2026-03-04 10:16:00,0.00,0.00
TKT-00042,scheduled,PS-01,2026-03-02 11:05:00,2026-03-02 11:45:00,2026-03-02 10:17:49,Product Support,P3,DE,8,2026-03-02 14:17:49,2026-03-04 10:18:00,0.00,0.00
TKT-00043,scheduled,INT-01,2026-03-02 13:25:00,2026-03-02 14:50:00,2026-03-02 10:29:52,Integrations/API,P3,EN,17,2026-03-02 14:29:52,2026-03-04 10:30:00,0.00,0.00
TKT-00044,scheduled,GEN-02,2026-03-05 13:30:00,2026-03-05 14:15:00,2026-03-02 10:31:43,Product Support,P4,EN,9,2026-03-03 10:32:00,2026-03-09 10:32:00,3058.00,0.00
TKT-00045,scheduled,GEN-02,2026-03-02 11:05:00,2026-03-02 11:40:00,2026-03-02 10:32:42,Product Support,P3,DE,7,2026-03-02 14:32:42,2026-03-04 10:33:00,0.00,0.00
TKT-00046,scheduled,GEN-01,2026-03-02 10:50:00,2026-03-02 11:05:00,2026-03-02 10:36:28,Billing,P2,EN,3,2026-03-02 11:36:28,2026-03-03 10:37:00,0.00,0.00
TKT-00047,scheduled,PS-01,2026-03-02 11:45:00,2026-03-02 12:25:00,2026-03-02 10:40:49,Product Support,P3,EN,8,2026-03-02 14:40:49,2026-03-04 10:41:00,0.00,0.00
TKT-00048,scheduled,INT-02,2026-03-02 13:35:00,2026-03-02 14:10:00,2026-03-02 10:41:38,Integrations/API,P3,EN,7,2026-03-02 14:41:38,2026-03-04 10:42:00,0.00,0.00
TKT-00049,scheduled,INT-01,2026-03-03 08:40:00,2026-03-03 10:35:00,2026-03-02 10:46:55,Integrations/API,P4,EN,23,2026-03-03 10:47:00,2026-03-09 10:47:00,0.00,0.00
TKT-00050,scheduled,GEN-03,2026-03-02 10:50:00,2026-03-02 12:05:00,2026-03-02 10:48:02,Product Support,P2,EN,15,2026-03-02 11:48:02,2026-03-03 10:49:00,0.00,0.00
TKT-00051,scheduled,GEN-01,2026-03-05 14:25:00,2026-03-05 15:10:00,2026-03-02 10:49:30,Billing,P4,EN,9,2026-03-03 10:50:00,2026-03-09 10:50:00,3095.00,0.00
TKT-00052,scheduled,GEN-01,2026-03-04 15:35:00,2026-03-04 15:55:00,2026-03-02 10:50:03,Account Access,P4,EN,4,2026-03-03 10:51:00,2026-03-09 10:51:00,1724.00,0.00
TKT-00053,scheduled,GEN-03,2026-03-02 12:05:00,2026-03-02 12:35:00,2026-03-02 10:50:30,Account Access,P3,EN,6,2026-03-02 14:50:30,2026-03-04 10:51:00,0.00,0.00
TKT-00054,scheduled,GEN-01,2026-03-02 11:50:00,2026-03-02 12:15:00,2026-03-02 10:53:48,Account Access,P3,EN,5,2026-03-02 14:53:48,2026-03-04 10:54:00,0.00,0.00
TKT-00055,scheduled,GEN-01,2026-03-06 13:50:00,2026-03-06 14:15:00,2026-03-02 10:55:29,Account Access,P4,DE,5,2026-03-03 10:56:00,2026-03-09 10:56:00,4494.00,0.00
TKT-00056,scheduled,GEN-01,2026-03-02 12:15:00,2026-03-02 12:45:00,2026-03-02 10:58:09,Account Access,P3,EN,6,2026-03-02 14:58:09,2026-03-04 10:59:00,0.00,0.00
TKT-00057,scheduled,GEN-02,2026-03-02 12:15:00,2026-03-02 12:45:00,2026-03-02 11:04:20,Billing,P3,EN,6,2026-03-02 15:04:20,2026-03-04 11:05:00,0.00,0.00
TKT-00058,scheduled,GEN-03,2026-03-02 12:35:00,2026-03-02 13:05:00,2026-03-02 11:06:12,Billing,P3,EN,6,2026-03-02 15:06:12,2026-03-04 11:07:00,0.00,0.00
TKT-00059,backlog_end,,,,2026-03-02 11:08:13,Product Support,P4,EN,13,2026-03-03 11:09:00,2026-03-09 11:09:00,,
TKT-00060,backlog_end,,,,2026-03-02 11:08:43,Product Support,P4,EN,9,2026-03-03 11:09:00,2026-03-09 11:09:00,,
TKT-00061,backlog_end,,,,2026-03-02 11:08:57,Account Access,P4,EN,3,2026-03-03 11:09:00,2026-03-09 11:09:00,,
TKT-00062,scheduled,PS-01,2026-03-02 13:05:00,2026-03-02 14:35:00,2026-03-02 11:11:12,Product Support,P3,EN,18,2026-03-02 15:11:12,2026-03-04 11:12:00,0.00,0.00
TKT-00063,scheduled,SIC-01,2026-03-02 11:20:00,2026-03-02 11:45:00,2026-03-02 11:11:52,Account Access,P2,EN,5,2026-03-02 12:11:52,2026-03-03 11:12:00,0.00,0.00
TKT-00064,scheduled,PS-02,2026-03-06 14:55:00,2026-03-06 15:40:00,2026-03-02 11:13:23,Product Support,P4,EN,9,2026-03-03 11:14:00,2026-03-09 11:14:00,4541.00,0.00
TKT-00065,scheduled,PS-01,2026-03-02 12:25:00,2026-03-02 13:05:00,2026-03-02 11:14:48,Product Support,P3,EN,8,2026-03-02 15:14:48,2026-03-04 11:15:00,0.00,0.00
TKT-00066,scheduled,GEN-03,2026-03-02 13:45:00,2026-03-02 13:55:00,2026-03-02 11:16:49,Account Access,P3,EN,2,2026-03-02 15:16:49,2026-03-04 11:17:00,0.00,0.00
TKT-00067,scheduled,INT-02,2026-03-02 14:10:00,2026-03-02 15:55:00,2026-03-02 11:17:29,Integrations/API,P3,EN,21,2026-03-02 15:17:29,2026-03-04 11:18:00,0.00,0.00
TKT-00068,scheduled,GEN-03,2026-03-02 14:05:00,2026-03-02 14:15:00,2026-03-02 11:21:09,Account Access,P3,EN,2,2026-03-02 15:21:09,2026-03-04 11:22:00,0.00,0.00
TKT-00069,scheduled,GEN-03,2026-03-02 13:55:00,2026-03-02 14:05:00,2026-03-02 11:23:13,Account Access,P3,EN,2,2026-03-02 15:23:13,2026-03-04 11:24:00,0.00,0.00
TKT-00070,scheduled,PS-02,2026-03-03 14:15:00,2026-03-03 15:40:00,2026-03-02 11:24:56,Product Support,P4,EN,17,2026-03-03 11:25:00,2026-03-09 11:25:00,170.00,0.00
TKT-00071,scheduled,PS-02,2026-03-02 11:30:00,2026-03-02 12:55:00,2026-03-02 11:25:37,Product Support,P2,EN,17,2026-03-02 12:25:37,2026-03-03 11:26:00,0.00,0.00
TKT-00072,backlog_end,,,,2026-03-02 11:26:15,Account Access,P4,EN,4,2026-03-03 11:27:00,2026-03-09 11:27:00,,
TKT-00073,scheduled,INT-02,2026-03-03 08:00:00,2026-03-03 10:00:00,2026-03-02 11:27:03,Integrations/API,P3,EN,24,2026-03-02 15:27:03,2026-03-04 11:28:00,992.95,0.00
TKT-00074,scheduled,GEN-03,2026-03-02 14:15:00,2026-03-02 14:55:00,2026-03-02 11:31:06,Product Support,P3,EN,8,2026-03-02 15:31:06,2026-03-04 11:32:00,0.00,0.00
TKT-00075,scheduled,PS-02,2026-03-02 14:05:00,2026-03-02 15:25:00,2026-03-02 11:34:02,Product Support,P3,EN,16,2026-03-02 15:34:02,2026-03-04 11:35:00,0.00,0.00
TKT-00076,scheduled,GEN-02,2026-03-02 11:40:00,2026-03-02 12:15:00,2026-03-02 11:37:14,Product Support,P2,DE,7,2026-03-02 12:37:14,2026-03-03 11:38:00,0.00,0.00
TKT-00077,scheduled,PS-01,2026-03-03 15:15:00,2026-03-03 15:45:00,2026-03-02 11:37:48,Product Support,P4,DE,6,2026-03-03 11:38:00,2026-03-09 11:38:00,217.00,0.00
TKT-00078,scheduled,PS-02,2026-03-03 12:50:00,2026-03-03 13:45:00,2026-03-02 11:38:45,Product Support,P4,EN,11,2026-03-03 11:39:00,2026-03-09 11:39:00,71.00,0.00
TKT-00079,backlog_end,,,,2026-03-02 11:40:27,Account Access,P4,EN,12,2026-03-03 11:41:00,2026-03-09 11:41:00,,
TKT-00080,scheduled,GEN-01,2026-03-02 15:55:00,2026-03-02 16:00:00,2026-03-02 11:40:30,Account Access,P4,EN,1,2026-03-03 11:41:00,2026-03-09 11:41:00,0.00,0.00
TKT-00081,scheduled,GEN-03,2026-03-03 15:35:00,2026-03-03 15:45:00,2026-03-02 11:43:35,Account Access,P4,EN,2,2026-03-03 11:44:00,2026-03-09 11:44:00,231.00,0.00
TKT-00082,scheduled,GEN-01,2026-03-02 14:25:00,2026-03-02 14:50:00,2026-03-02 11:43:38,Account Access,P3,EN,5,2026-03-02 15:43:38,2026-03-04 11:44:00,0.00,0.00
TKT-00083,backlog_end,,,,2026-03-02 11:45:52,Billing,P4,EN,6,2026-03-03 11:46:00,2026-03-09 11:46:00,,
TKT-00084,scheduled,INT-02,2026-03-03 11:40:00,2026-03-03 12:25:00,2026-03-02 11:49:35,Integrations/API,P4,EN,9,2026-03-03 11:50:00,2026-03-09 11:50:00,0.00,0.00
TKT-00085,scheduled,GEN-01,2026-03-03 15:25:00,2026-03-03 15:55:00,2026-03-02 11:52:15,Billing,P4,EN,6,2026-03-03 11:53:00,2026-03-09 11:53:00,212.00,0.00
TKT-00086,scheduled,GEN-02,2026-03-02 14:25:00,2026-03-02 14:45:00,2026-03-02 11:52:44,Account Access,P3,EN,4,2026-03-02 15:52:44,2026-03-04 11:53:00,0.00,0.00
TKT-00087,scheduled,SIC-01,2026-03-02 12:00:00,2026-03-02 12:10:00,2026-03-02 11:55:22,Account Access,P2,DE,2,2026-03-02 12:55:22,2026-03-03 11:56:00,0.00,0.00
TKT-00088,scheduled,GEN-02,2026-03-02 14:45:00,2026-03-02 15:30:00,2026-03-02 11:57:40,Billing,P3,DE,9,2026-03-02 15:57:40,2026-03-04 11:58:00,0.00,0.00
TKT-00089,scheduled,GEN-03,2026-03-03 15:25:00,2026-03-03 15:35:00,2026-03-02 12:01:02,Billing,P4,DE,2,2026-03-03 12:02:00,2026-03-09 12:02:00,203.00,0.00
TKT-00090,scheduled,GEN-02,2026-03-03 08:00:00,2026-03-03 08:30:00,2026-03-02 12:07:26,Product Support,P3,EN,6,2026-03-03 08:08:00,2026-03-04 12:08:00,0.00,0.00
TKT-00091,scheduled,GEN-01,2026-03-03 15:10:00,2026-03-03 15:25:00,2026-03-02 12:12:45,Billing,P4,EN,3,2026-03-03 12:13:00,2026-03-09 12:13:00,177.00,0.00
TKT-00092,scheduled,PS-01,2026-03-03 08:00:00,2026-03-03 08:55:00,2026-03-02 12:16:09,Product Support,P3,EN,11,2026-03-03 08:17:00,2026-03-04 12:17:00,0.00,0.00
TKT-00093,scheduled,SIC-01,2026-03-02 12:20:00,2026-03-02 14:10:00,2026-03-02 12:16:48,Product Support,P1,EN,22,2026-03-02 12:31:48,2026-03-03 08:17:00,0.00,0.00
TKT-00094,scheduled,GEN-03,2026-03-03 08:00:00,2026-03-03 08:30:00,2026-03-02 12:18:18,Account Access,P3,EN,6,2026-03-03 08:19:00,2026-03-04 12:19:00,0.00,0.00
TKT-00095,scheduled,GEN-03,2026-03-02 15:45:00,2026-03-02 15:55:00,2026-03-02 12:24:03,Billing,P4,DE,2,2026-03-03 12:25:00,2026-03-09 12:25:00,0.00,0.00
TKT-00096,scheduled,PS-02,2026-03-03 08:00:00,2026-03-03 08:45:00,2026-03-02 12:27:09,Product Support,P3,EN,9,2026-03-03 08:28:00,2026-03-04 12:28:00,0.00,0.00
TKT-00097,scheduled,GEN-01,2026-03-02 12:45:00,2026-03-02 13:45:00,2026-03-02 12:37:50,Product Support,P2,DE,12,2026-03-02 13:37:50,2026-03-03 12:38:00,0.00,0.00
TKT-00098,scheduled,GEN-02,2026-03-02 12:45:00,2026-03-02 14:25:00,2026-03-02 12:39:44,Product Support,P2,EN,20,2026-03-02 13:39:44,2026-03-03 12:40:00,0.00,0.00
TKT-00099,scheduled,GEN-01,2026-03-02 15:35:00,2026-03-02 15:55:00,2026-03-02 12:42:01,Product Support,P4,EN,4,2026-03-03 12:43:00,2026-03-09 12:43:00,0.00,0.00
TKT-00100,scheduled,GEN-01,2026-03-03 08:00:00,2026-03-03 09:10:00,2026-03-02 12:42:26,Billing,P3,DE,14,2026-03-03 08:43:00,2026-03-04 12:43:00,0.00,0.00
TKT-00101,scheduled,PS-02,2026-03-02 12:55:00,2026-03-02 13:40:00,2026-03-02 12:52:12,Product Support,P2,EN,9,2026-03-02 13:52:12,2026-03-03 12:53:00,0.00,0.00
TKT-00102,scheduled,GEN-03,2026-03-02 13:05:00,2026-03-02 13:25:00,2026-03-02 12:55:14,Account Access,P2,DE,4,2026-03-02 13:55:14,2026-03-03 12:56:00,0.00,0.00
TKT-00103,scheduled,GEN-03,2026-03-03 08:30:00,2026-03-03 09:00:00,2026-03-02 12:57:15,Product Support,P3,EN,6,2026-03-03 08:58:00,2026-03-04 12:58:00,0.00,0.00
TKT-00104,scheduled,GEN-03,2026-03-02 13:25:00,2026-03-02 13:45:00,2026-03-02 13:06:29,Account Access,P2,DE,4,2026-03-02 14:06:29,2026-03-03 13:07:00,0.00,0.00
TKT-00105,scheduled,PS-02,2026-03-02 13:40:00,2026-03-02 14:05:00,2026-03-02 13:09:32,Product Support,P1,EN,5,2026-03-02 13:24:32,2026-03-03 09:10:00,15.47,0.00
TKT-00106,scheduled,GEN-03,2026-03-03 14:35:00,2026-03-03 15:05:00,2026-03-02 13:10:09,Billing,P4,EN,6,2026-03-03 13:11:00,2026-03-09 13:11:00,84.00,0.00
TKT-00107,scheduled,GEN-02,2026-03-03 08:30:00,2026-03-03 09:05:00,2026-03-02 13:20:09,Billing,P3,DE,7,2026-03-03 09:21:00,2026-03-04 13:21:00,0.00,0.00
TKT-00108,scheduled,GEN-03,2026-03-03 09:00:00,2026-03-03 09:30:00,2026-03-02 13:20:22,Billing,P3,EN,6,2026-03-03 09:21:00,2026-03-04 13:21:00,0.00,0.00
TKT-00109,scheduled,GEN-01,2026-03-02 13:45:00,2026-03-02 14:25:00,2026-03-02 13:40:34,Product Support,P2,EN,8,2026-03-02 14:40:34,2026-03-03 13:41:00,0.00,0.00
TKT-00110,scheduled,GEN-03,2026-03-02 15:30:00,2026-03-02 15:45:00,2026-03-02 13:41:41,Product Support,P3,DE,3,2026-03-03 09:42:00,2026-03-04 13:42:00,0.00,0.00
TKT-00111,scheduled,INT-01,2026-03-03 08:00:00,2026-03-03 08:40:00,2026-03-02 13:42:45,Integrations/API,P3,EN,8,2026-03-03 09:43:00,2026-03-04 13:43:00,0.00,0.00
TKT-00112,scheduled,GEN-02,2026-03-02 15:30:00,2026-03-02 15:55:00,2026-03-02 13:51:44,Product Support,P3,EN,5,2026-03-03 09:52:00,2026-03-04 13:52:00,0.00,0.00
TKT-00113,scheduled,PS-01,2026-03-03 08:55:00,2026-03-03 09:30:00,2026-03-02 13:59:53,Product Support,P3,DE,7,2026-03-03 10:00:00,2026-03-04 14:00:00,0.00,0.00
TKT-00114,scheduled,PS-02,2026-03-02 15:25:00,2026-03-02 15:55:00,2026-03-02 14:07:50,Product Support,P4,EN,6,2026-03-03 14:08:00,2026-03-09 14:08:00,0.00,0.00
TKT-00115,scheduled,INT-01,2026-03-02 14:50:00,2026-03-02 15:40:00,2026-03-02 14:09:29,Integrations/API,P3,EN,10,2026-03-03 10:10:00,2026-03-04 14:10:00,0.00,0.00
TKT-00116,scheduled,PS-01,2026-03-02 14:35:00,2026-03-02 15:20:00,2026-03-02 14:26:13,Product Support,P3,EN,9,2026-03-03 10:27:00,2026-03-04 14:27:00,0.00,0.00
TKT-00117,scheduled,GEN-03,2026-03-02 14:55:00,2026-03-02 15:30:00,2026-03-02 14:37:45,Billing,P3,EN,7,2026-03-03 10:38:00,2026-03-04 14:38:00,0.00,0.00
TKT-00118,scheduled,GEN-01,2026-03-02 14:50:00,2026-03-02 15:35:00,2026-03-02 14:44:29,Product Support,P4,EN,9,2026-03-03 14:45:00,2026-03-09 14:45:00,0.00,0.00
TKT-00119,scheduled,SIC-01,2026-03-02 15:05:00,2026-03-02 15:55:00,2026-03-02 15:03:19,Product Support,P1,EN,10,2026-03-02 15:18:19,2026-03-03 11:04:00,0.00,0.00
TKT-00120,scheduled,PS-01,2026-03-02 15:20:00,2026-03-02 15:40:00,2026-03-02 15:14:51,Product Support,P3,EN,4,2026-03-03 11:15:00,2026-03-04 15:15:00,0.00,0.00
TKT-00121,scheduled,GEN-01,2026-03-03 09:10:00,2026-03-03 09:45:00,2026-03-03 08:04:36,Product Support,P3,DE,7,2026-03-03 12:04:36,2026-03-05 08:05:00,0.00,0.00
TKT-00122,scheduled,PS-02,2026-03-03 15:40:00,2026-03-03 15:55:00,2026-03-03 08:10:58,Product Support,P4,EN,3,2026-03-04 08:11:00,2026-03-10 08:11:00,0.00,0.00
TKT-00123,scheduled,GEN-02,2026-03-03 09:30:00,2026-03-03 10:00:00,2026-03-03 08:19:03,Account Access,P3,EN,6,2026-03-03 12:19:03,2026-03-05 08:20:00,0.00,0.00
TKT-00124,backlog_end,,,,2026-03-03 08:24:13,Billing,P4,EN,4,2026-03-04 08:25:00,2026-03-10 08:25:00,,
TKT-00125,scheduled,GEN-03,2026-03-03 09:30:00,2026-03-03 10:00:00,2026-03-03 08:25:34,Billing,P3,EN,6,2026-03-03 12:25:34,2026-03-05 08:26:00,0.00,0.00
TKT-00126,scheduled,GEN-01,2026-03-03 09:45:00,2026-03-03 10:05:00,2026-03-03 08:33:36,Account Access,P3,EN,4,2026-03-03 12:33:36,2026-03-05 08:34:00,0.00,0.00
TKT-00127,scheduled,SIC-01,2026-03-03 08:40:00,2026-03-03 10:00:00,2026-03-03 08:38:46,Billing,P2,EN,16,2026-03-03 09:38:46,2026-03-04 08:39:00,0.00,0.00
TKT-00128,scheduled,PS-02,2026-03-03 08:45:00,2026-03-03 09:20:00,2026-03-03 08:39:03,Product Support,P2,EN,7,2026-03-03 09:39:03,2026-03-04 08:40:00,0.00,0.00
TKT-00129,backlog_end,,,,2026-03-03 08:53:23,Account Access,P4,EN,4,2026-03-04 08:54:00,2026-03-10 08:54:00,,
TKT-00130,scheduled,GEN-02,2026-03-03 09:05:00,2026-03-03 09:30:00,2026-03-03 09:00:44,Account Access,P2,DE,5,2026-03-03 10:00:44,2026-03-04 09:01:00,0.00,0.00
TKT-00131,scheduled,GEN-03,2026-03-03 10:00:00,2026-03-03 10:10:00,2026-03-03 09:10:08,Account Access,P3,DE,2,2026-03-03 13:10:08,2026-03-05 09:11:00,0.00,0.00
TKT-00132,scheduled,INT-02,2026-03-03 10:00:00,2026-03-03 11:40:00,2026-03-03 09:13:57,Integrations/API,P3,EN,20,2026-03-03 13:13:57,2026-03-05 09:14:00,0.00,0.00
TKT-00133,scheduled,GEN-01,2026-03-03 10:05:00,2026-03-03 10:15:00,2026-03-03 09:16:06,Account Access,P3,EN,2,2026-03-03 13:16:06,2026-03-05 09:17:00,0.00,0.00
TKT-00134,scheduled,INT-01,2026-03-03 10:35:00,2026-03-03 11:30:00,2026-03-03 09:16:40,Integrations/API,P3,EN,11,2026-03-03 13:16:40,2026-03-05 09:17:00,0.00,0.00
TKT-00135,scheduled,SIC-01,2026-03-03 10:00:00,2026-03-03 12:00:00,2026-03-03 09:18:15,Integrations/API,P2,DE,24,2026-03-03 10:18:15,2026-03-04 09:19:00,0.00,0.00
TKT-00136,scheduled,PS-02,2026-03-03 09:50:00,2026-03-03 10:35:00,2026-03-03 09:20:31,Product Support,P3,EN,9,2026-03-03 13:20:31,2026-03-05 09:21:00,0.00,0.00
TKT-00137,scheduled,PS-01,2026-03-03 09:30:00,2026-03-03 10:25:00,2026-03-03 09:23:02,Product Support,P3,EN,11,2026-03-03 13:23:02,2026-03-05 09:24:00,0.00,0.00
TKT-00138,backlog_end,,,,2026-03-03 09:24:42,Product Support,P4,EN,17,2026-03-04 09:25:00,2026-03-10 09:25:00,,
TKT-00139,backlog_end,,,,2026-03-03 09:29:28,Billing,P4,EN,9,2026-03-04 09:30:00,2026-03-10 09:30:00,,
TKT-00140,scheduled,GEN-03,2026-03-03 10:10:00,2026-03-03 10:25:00,2026-03-03 09:30:04,Account Access,P3,DE,3,2026-03-03 13:30:04,2026-03-05 09:31:00,0.00,0.00
TKT-00141,scheduled,INT-01,2026-03-04 08:00:00,2026-03-04 08:45:00,2026-03-03 09:34:53,Integrations/API,P4,DE,9,2026-03-04 09:35:00,2026-03-10 09:35:00,0.00,0.00
TKT-00142,backlog_end,,,,2026-03-03 09:36:05,Account Access,P4,EN,6,2026-03-04 09:37:00,2026-03-10 09:37:00,,
TKT-00143,scheduled,GEN-03,2026-03-03 10:25:00,2026-03-03 10:50:00,2026-03-03 09:36:31,Product Support,P3,EN,5,2026-03-03 13:36:31,2026-03-05 09:37:00,0.00,0.00
TKT-00144,scheduled,PS-01,2026-03-03 10:25:00,2026-03-03 11:25:00,2026-03-03 09:42:01,Product Support,P3,DE,12,2026-03-03 13:42:01,2026-03-05 09:43:00,0.00,0.00
TKT-00145,scheduled,GEN-02,2026-03-03 10:00:00,2026-03-03 10:55:00,2026-03-03 09:46:02,Billing,P2,DE,11,2026-03-03 10:46:02,2026-03-04 09:47:00,0.00,0.00
TKT-00146,scheduled,PS-02,2026-03-03 10:35:00,2026-03-03 10:55:00,2026-03-03 09:51:38,Product Support,P3,EN,4,2026-03-03 13:51:38,2026-03-05 09:52:00,0.00,0.00
TKT-00147,scheduled,GEN-03,2026-03-03 10:50:00,2026-03-03 11:30:00,2026-03-03 09:54:06,Product Support,P3,DE,8,2026-03-03 13:54:06,2026-03-05 09:55:00,0.00,0.00
TKT-00148,scheduled,PS-02,2026-03-03 10:55:00,2026-03-03 11:20:00,2026-03-03 09:57:32,Product Support,P3,EN,5,2026-03-03 13:57:32,2026-03-05 09:58:00,0.00,0.00
TKT-00149,backlog_end,,,,2026-03-03 10:00:54,Account Access,P4,EN,5,2026-03-04 10:01:00,2026-03-10 10:01:00,,
TKT-00150,scheduled,SIC-01,2026-03-03 12:00:00,2026-03-03 12:35:00,2026-03-03 10:03:01,Billing,P1,EN,7,2026-03-03 10:18:01,2026-03-03 14:03:01,101.98,0.00
TKT-00151,scheduled,GEN-02,2026-03-03 10:55:00,2026-03-03 11:40:00,2026-03-03 10:06:37,Billing,P3,DE,9,2026-03-03 14:06:37,2026-03-05 10:07:00,0.00,0.00
TKT-00152,scheduled,GEN-01,2026-03-03 10:15:00,2026-03-03 11:35:00,2026-03-03 10:11:01,Product Support,P2,EN,16,2026-03-03 11:11:01,2026-03-04 10:12:00,0.00,0.00
TKT-00153,scheduled,GEN-02,2026-03-03 12:30:00,2026-03-03 13:05:00,2026-03-03 10:11:42,Product Support,P3,EN,7,2026-03-03 14:11:42,2026-03-05 10:12:00,0.00,0.00
TKT-00154,scheduled,GEN-01,2026-03-03 12:20:00,2026-03-03 13:25:00,2026-03-03 10:11:54,Product Support,P3,EN,13,2026-03-03 14:11:54,2026-03-05 10:12:00,0.00,0.00
TKT-00155,backlog_end,,,,2026-03-03 10:14:01,Billing,P4,DE,5,2026-03-04 10:15:00,2026-03-10 10:15:00,,
TKT-00156,scheduled,GEN-02,2026-03-03 12:05:00,2026-03-03 12:30:00,2026-03-03 10:14:22,Account Access,P3,EN,5,2026-03-03 14:14:22,2026-03-05 10:15:00,0.00,0.00
TKT-00157,scheduled,GEN-01,2026-03-06 15:45:00,2026-03-06 16:00:00,2026-03-03 10:16:27,Billing,P4,EN,3,2026-03-04 10:17:00,2026-03-10 10:17:00,3208.00,0.00
TKT-00158,scheduled,PS-01,2026-03-03 12:40:00,2026-03-03 13:00:00,2026-03-03 10:20:18,Product Support,P3,EN,4,2026-03-03 14:20:18,2026-03-05 10:21:00,0.00,0.00
TKT-00159,scheduled,GEN-03,2026-03-03 12:40:00,2026-03-03 13:00:00,2026-03-03 10:22:41,Billing,P3,EN,4,2026-03-03 14:22:41,2026-03-05 10:23:00,0.00,0.00
TKT-00160,backlog_end,,,,2026-03-03 10:26:06,Billing,P4,EN,7,2026-03-04 10:27:00,2026-03-10 10:27:00,,
TKT-00161,scheduled,GEN-03,2026-03-03 13:00:00,2026-03-03 13:20:00,2026-03-03 10:33:28,Billing,P3,EN,4,2026-03-03 14:33:28,2026-03-05 10:34:00,0.00,0.00
TKT-00162,backlog_end,,,,2026-03-03 10:34:05,Account Access,P4,EN,5,2026-03-04 10:35:00,2026-03-10 10:35:00,,
TKT-00163,scheduled,GEN-03,2026-03-05 15:50:00,2026-03-05 16:00:00,2026-03-03 10:36:45,Account Access,P4,EN,2,2026-03-04 10:37:00,2026-03-10 10:37:00,1753.00,0.00
TKT-00164,scheduled,INT-01,2026-03-04 08:45:00,2026-03-04 09:45:00,2026-03-03 10:37:44,Integrations/API,P4,DE,12,2026-03-04 10:38:00,2026-03-10 10:38:00,0.00,0.00
TKT-00165,scheduled,GEN-02,2026-03-03 13:05:00,2026-03-03 13:35:00,2026-03-03 10:38:01,Account Access,P3,EN,6,2026-03-03 14:38:01,2026-03-05 10:39:00,0.00,0.00
TKT-00166,backlog_end,,,,2026-03-03 10:41:15,Account Access,P4,EN,4,2026-03-04 10:42:00,2026-03-10 10:42:00,,
TKT-00167,backlog_end,,,,2026-03-03 10:41:36,Integrations/API,P4,DE,7,2026-03-04 10:42:00,2026-03-10 10:42:00,,
TKT-00168,scheduled,GEN-03,2026-03-05 15:40:00,2026-03-05 15:50:00,2026-03-03 10:44:46,Account Access,P4,DE,2,2026-03-04 10:45:00,2026-03-10 10:45:00,1735.00,0.00
TKT-00169,scheduled,INT-01,2026-03-03 11:30:00,2026-03-03 12:45:00,2026-03-03 10:47:09,Integrations/API,P2,EN,15,2026-03-03 11:47:09,2026-03-04 10:48:00,0.00,0.00
TKT-00170,scheduled,GEN-01,2026-03-03 13:25:00,2026-03-03 13:55:00,2026-03-03 10:51:45,Account Access,P3,EN,6,2026-03-03 14:51:45,2026-03-05 10:52:00,0.00,0.00
TKT-00171,scheduled,PS-01,2026-03-03 13:00:00,2026-03-03 13:35:00,2026-03-03 10:52:27,Product Support,P3,DE,7,2026-03-03 14:52:27,2026-03-05 10:53:00,0.00,0.00
TKT-00172,scheduled,GEN-02,2026-03-03 13:35:00,2026-03-03 14:25:00,2026-03-03 10:58:29,Account Access,P3,EN,10,2026-03-03 14:58:29,2026-03-05 10:59:00,0.00,0.00
TKT-00173,scheduled,INT-01,2026-03-03 12:45:00,2026-03-03 13:55:00,2026-03-03 11:00:01,Integrations/API,P2,DE,14,2026-03-03 12:00:01,2026-03-04 11:01:00,44.98,0.00
TKT-00174,scheduled,GEN-03,2026-03-06 15:20:00,2026-03-06 16:00:00,2026-03-03 11:02:41,Account Access,P4,DE,8,2026-03-04 11:03:00,2026-03-10 11:03:00,3137.00,0.00
TKT-00175,scheduled,PS-01,2026-03-03 13:35:00,2026-03-03 14:00:00,2026-03-03 11:03:55,Product Support,P3,DE,5,2026-03-03 15:03:55,2026-03-05 11:04:00,0.00,0.00
TKT-00176,scheduled,GEN-01,2026-03-03 13:55:00,2026-03-03 14:10:00,2026-03-03 11:05:08,Account Access,P3,DE,3,2026-03-03 15:05:08,2026-03-05 11:06:00,0.00,0.00
TKT-00177,scheduled,GEN-01,2026-03-06 15:15:00,2026-03-06 15:45:00,2026-03-03 11:09:01,Billing,P4,DE,6,2026-03-04 11:10:00,2026-03-10 11:10:00,3125.00,0.00
TKT-00178,scheduled,PS-02,2026-03-03 11:20:00,2026-03-03 12:50:00,2026-03-03 11:11:22,Product Support,P2,EN,18,2026-03-03 12:11:22,2026-03-04 11:12:00,0.00,0.00
TKT-00179,scheduled,PS-01,2026-03-03 14:00:00,2026-03-03 14:45:00,2026-03-03 11:14:27,Product Support,P3,DE,9,2026-03-03 15:14:27,2026-03-05 11:15:00,0.00,0.00
TKT-00180,scheduled,GEN-01,2026-03-05 15:40:00,2026-03-05 15:55:00,2026-03-03 11:14:37,Billing,P4,EN,3,2026-03-04 11:15:00,2026-03-10 11:15:00,1705.00,0.00
TKT-00181,scheduled,GEN-01,2026-03-03 14:10:00,2026-03-03 14:30:00,2026-03-03 11:22:38,Billing,P3,EN,4,2026-03-03 15:22:38,2026-03-05 11:23:00,0.00,0.00
TKT-00182,scheduled,PS-01,2026-03-03 11:25:00,2026-03-03 12:05:00,2026-03-03 11:22:40,Product Support,P2,DE,8,2026-03-03 12:22:40,2026-03-04 11:23:00,0.00,0.00
TKT-00183,scheduled,GEN-03,2026-03-03 11:30:00,2026-03-03 12:40:00,2026-03-03 11:23:01,Account Access,P2,EN,14,2026-03-03 12:23:01,2026-03-04 11:24:00,0.00,0.00
TKT-00184,scheduled,GEN-03,2026-03-03 14:05:00,2026-03-03 14:20:00,2026-03-03 11:24:49,Billing,P3,EN,3,2026-03-03 15:24:49,2026-03-05 11:25:00,0.00,0.00
TKT-00185,scheduled,GEN-01,2026-03-03 11:35:00,2026-03-03 12:00:00,2026-03-03 11:26:05,Product Support,P2,EN,5,2026-03-03 12:26:05,2026-03-04 11:27:00,0.00,0.00
TKT-00186,scheduled,GEN-03,2026-03-03 14:20:00,2026-03-03 14:35:00,2026-03-03 11:28:24,Product Support,P3,DE,3,2026-03-03 15:28:24,2026-03-05 11:29:00,0.00,0.00
TKT-00187,scheduled,GEN-02,2026-03-03 14:25:00,2026-03-03 14:35:00,2026-03-03 11:31:13,Account Access,P3,EN,2,2026-03-03 15:31:13,2026-03-05 11:32:00,0.00,0.00
TKT-00188,scheduled,GEN-02,2026-03-03 11:40:00,2026-03-03 12:05:00,2026-03-03 11:32:06,Product Support,P2,DE,5,2026-03-03 12:32:06,2026-03-04 11:33:00,0.00,0.00
TKT-00189,scheduled,GEN-02,2026-03-06 15:00:00,2026-03-06 15:55:00,2026-03-03 11:33:37,Billing,P4,DE,11,2026-03-04 11:34:00,2026-03-10 11:34:00,3086.00,0.00
TKT-00190,scheduled,GEN-01,2026-03-03 14:30:00,2026-03-03 14:50:00,2026-03-03 11:38:33,Account Access,P3,EN,4,2026-03-03 15:38:33,2026-03-05 11:39:00,0.00,0.00
TKT-00191,scheduled,GEN-01,2026-03-03 12:00:00,2026-03-03 12:20:00,2026-03-03 11:39:50,Product Support,P2,EN,4,2026-03-03 12:39:50,2026-03-04 11:40:00,0.00,0.00
TKT-00192,scheduled,GEN-01,2026-03-03 14:50:00,2026-03-03 15:10:00,2026-03-03 11:40:30,Product Support,P3,DE,4,2026-03-03 15:40:30,2026-03-05 11:41:00,0.00,0.00
TKT-00193,scheduled,PS-01,2026-03-03 14:45:00,2026-03-03 15:15:00,2026-03-03 11:40:59,Product Support,P3,EN,6,2026-03-03 15:40:59,2026-03-05 11:41:00,0.00,0.00
TKT-00194,scheduled,GEN-03,2026-03-05 15:25:00,2026-03-05 15:40:00,2026-03-03 11:41:46,Billing,P4,DE,3,2026-03-04 11:42:00,2026-03-10 11:42:00,1663.00,0.00
TKT-00195,scheduled,PS-01,2026-03-03 12:05:00,2026-03-03 12:40:00,2026-03-03 11:44:44,Product Support,P2,EN,7,2026-03-03 12:44:44,2026-03-04 11:45:00,0.00,0.00
TKT-00196,scheduled,GEN-03,2026-03-03 15:05:00,2026-03-03 15:25:00,2026-03-03 11:46:46,Product Support,P3,EN,4,2026-03-03 15:46:46,2026-03-05 11:47:00,0.00,0.00
TKT-00197,scheduled,INT-02,2026-03-03 12:45:00,2026-03-03 14:00:00,2026-03-03 11:47:15,Integrations/API,P3,EN,15,2026-03-03 15:47:15,2026-03-05 11:48:00,0.00,0.00
TKT-00198,scheduled,GEN-03,2026-03-03 15:45:00,2026-03-03 16:00:00,2026-03-03 11:56:23,Account Access,P3,EN,3,2026-03-03 15:56:23,2026-03-05 11:57:00,0.00,0.00
TKT-00199,scheduled,GEN-02,2026-03-04 08:00:00,2026-03-04 08:25:00,2026-03-03 11:57:11,Account Access,P3,EN,5,2026-03-03 15:57:11,2026-03-05 11:58:00,962.82,0.00
TKT-00200,scheduled,GEN-02,2026-03-05 15:10:00,2026-03-05 15:55:00,2026-03-03 12:00:11,Product Support,P4,EN,9,2026-03-04 12:01:00,2026-03-10 12:01:00,1629.00,0.00
TKT-00201,scheduled,PS-01,2026-03-05 15:00:00,2026-03-05 15:35:00,2026-03-03 12:00:13,Product Support,P4,DE,7,2026-03-04 12:01:00,2026-03-10 12:01:00,1619.00,0.00
TKT-00202,scheduled,GEN-03,2026-03-04 08:00:00,2026-03-04 08:25:00,2026-03-03 12:00:39,Billing,P3,EN,5,2026-03-04 08:01:00,2026-03-05 12:01:00,0.00,0.00
TKT-00203,scheduled,INT-02,2026-03-03 12:25:00,2026-03-03 12:45:00,2026-03-03 12:03:45,Integrations/API,P2,EN,4,2026-03-03 13:03:45,2026-03-04 12:04:00,0.00,0.00
TKT-00204,scheduled,GEN-03,2026-03-04 15:35:00,2026-03-04 15:55:00,2026-03-03 12:08:12,Account Access,P4,DE,4,2026-03-04 12:09:00,2026-03-10 12:09:00,206.00,0.00
TKT-00205,scheduled,SIC-01,2026-03-03 12:35:00,2026-03-03 14:15:00,2026-03-03 12:08:24,Product Support,P1,EN,20,2026-03-03 12:23:24,2026-03-04 08:09:00,11.60,0.00
TKT-00206,scheduled,PS-01,2026-03-03 15:45:00,2026-03-03 16:00:00,2026-03-03 12:09:41,Product Support,P4,EN,3,2026-03-04 12:10:00,2026-03-10 12:10:00,0.00,0.00
TKT-00207,scheduled,PS-01,2026-03-04 08:00:00,2026-03-04 08:40:00,2026-03-03 12:22:12,Product Support,P3,DE,8,2026-03-04 08:23:00,2026-03-05 12:23:00,0.00,0.00
TKT-00208,scheduled,GEN-01,2026-03-04 08:00:00,2026-03-04 08:25:00,2026-03-03 12:34:15,Account Access,P3,EN,5,2026-03-04 08:35:00,2026-03-05 12:35:00,0.00,0.00
TKT-00209,scheduled,GEN-01,2026-03-04 08:25:00,2026-03-04 09:05:00,2026-03-03 12:36:18,Product Support,P3,DE,8,2026-03-04 08:37:00,2026-03-05 12:37:00,0.00,0.00
TKT-00210,scheduled,INT-01,2026-03-03 13:55:00,2026-03-03 15:40:00,2026-03-03 12:52:02,Integrations/API,P2,EN,21,2026-03-03 13:52:02,2026-03-04 12:53:00,2.97,0.00
TKT-00211,scheduled,GEN-02,2026-03-04 15:25:00,2026-03-04 15:45:00,2026-03-03 13:08:40,Account Access,P4,EN,4,2026-03-04 13:09:00,2026-03-10 13:09:00,136.00,0.00
TKT-00212,scheduled,GEN-03,2026-03-03 13:20:00,2026-03-03 14:05:00,2026-03-03 13:10:55,Billing,P2,EN,9,2026-03-03 14:10:55,2026-03-04 13:11:00,0.00,0.00
TKT-00213,scheduled,GEN-03,2026-03-04 08:25:00,2026-03-04 08:35:00,2026-03-03 13:13:56,Account Access,P3,EN,2,2026-03-04 09:14:00,2026-03-05 13:14:00,0.00,0.00
TKT-00214,scheduled,GEN-02,2026-03-04 08:25:00,2026-03-04 08:55:00,2026-03-03 13:25:10,Billing,P3,EN,6,2026-03-04 09:26:00,2026-03-05 13:26:00,0.00,0.00
TKT-00215,scheduled,GEN-01,2026-03-04 15:10:00,2026-03-04 15:35:00,2026-03-03 13:40:18,Billing,P4,EN,5,2026-03-04 13:41:00,2026-03-10 13:41:00,89.00,0.00
TKT-00216,scheduled,PS-02,2026-03-03 13:45:00,2026-03-03 14:15:00,2026-03-03 13:42:33,Product Support,P2,EN,6,2026-03-03 14:42:33,2026-03-04 13:43:00,0.00,0.00
TKT-00217,scheduled,GEN-03,2026-03-04 08:35:00,2026-03-04 08:45:00,2026-03-03 13:49:03,Billing,P3,DE,2,2026-03-04 09:50:00,2026-03-05 13:50:00,0.00,0.00
TKT-00218,scheduled,PS-02,2026-03-04 08:00:00,2026-03-04 08:40:00,2026-03-03 13:53:20,Product Support,P3,EN,8,2026-03-04 09:54:00,2026-03-05 13:54:00,0.00,0.00
TKT-00219,scheduled,PS-01,2026-03-04 14:35:00,2026-03-04 15:10:00,2026-03-03 14:13:00,Product Support,P4,EN,7,2026-03-04 14:13:00,2026-03-10 14:13:00,22.00,0.00
TKT-00220,scheduled,PS-01,2026-03-04 08:40:00,2026-03-04 09:05:00,2026-03-03 14:16:20,Product Support,P3,DE,5,2026-03-04 10:17:00,2026-03-05 14:17:00,0.00,0.00
TKT-00221,scheduled,PS-02,2026-03-04 08:40:00,2026-03-04 09:55:00,2026-03-03 14:21:10,Product Support,P3,EN,15,2026-03-04 10:22:00,2026-03-05 14:22:00,0.00,0.00
TKT-00222,scheduled,GEN-03,2026-03-04 08:45:00,2026-03-04 09:30:00,2026-03-03 14:24:56,Product Support,P3,EN,9,2026-03-04 10:25:00,2026-03-05 14:25:00,0.00,0.00
TKT-00223,scheduled,INT-02,2026-03-03 14:30:00,2026-03-03 15:10:00,2026-03-03 14:25:31,Integrations/API,P2,EN,8,2026-03-03 15:25:31,2026-03-04 14:26:00,0.00,0.00
TKT-00224,scheduled,SIC-01,2026-03-03 14:30:00,2026-03-03 15:10:00,2026-03-03 14:29:20,Product Support,P2,EN,8,2026-03-03 15:29:20,2026-03-04 14:30:00,0.00,0.00
TKT-00225,scheduled,GEN-02,2026-03-04 08:55:00,2026-03-04 10:25:00,2026-03-03 14:48:14,Product Support,P3,EN,18,2026-03-04 10:49:00,2026-03-05 14:49:00,0.00,0.00
TKT-00226,scheduled,INT-02,2026-03-03 15:10:00,2026-03-03 15:45:00,2026-03-03 15:04:46,Integrations/API,P3,EN,7,2026-03-04 11:05:00,2026-03-05 15:05:00,0.00,0.00
TKT-00227,scheduled,GEN-01,2026-03-04 09:05:00,2026-03-04 09:15:00,2026-03-03 15:20:40,Account Access,P3,EN,2,2026-03-04 11:21:00,2026-03-05 15:21:00,0.00,0.00
TKT-00228,scheduled,INT-02,2026-03-04 08:10:00,2026-03-04 08:45:00,2026-03-04 08:06:01,Integrations/API,P3,EN,7,2026-03-04 12:06:01,2026-03-06 08:07:00,0.00,0.00
TKT-00229,scheduled,PS-01,2026-03-04 09:05:00,2026-03-04 10:10:00,2026-03-04 08:27:48,Product Support,P3,DE,13,2026-03-04 12:27:48,2026-03-06 08:28:00,0.00,0.00
TKT-00230,scheduled,GEN-01,2026-03-04 09:15:00,2026-03-04 09:55:00,2026-03-04 08:38:19,Product Support,P3,EN,8,2026-03-04 12:38:19,2026-03-06 08:39:00,0.00,0.00
TKT-00231,scheduled,SIC-01,2026-03-04 08:40:00,2026-03-04 08:55:00,2026-03-04 08:38:50,Account Access,P2,EN,3,2026-03-04 09:38:50,2026-03-05 08:39:00,0.00,0.00
TKT-00232,scheduled,GEN-03,2026-03-04 10:00:00,2026-03-04 11:25:00,2026-03-04 08:43:37,Product Support,P3,DE,17,2026-03-04 12:43:37,2026-03-06 08:44:00,0.00,0.00
TKT-00233,scheduled,SIC-01,2026-03-04 08:55:00,2026-03-04 10:20:00,2026-03-04 08:45:07,Integrations/API,P1,DE,17,2026-03-04 09:00:07,2026-03-04 12:45:07,0.00,0.00
TKT-00234,scheduled,GEN-02,2026-03-04 10:25:00,2026-03-04 10:40:00,2026-03-04 08:45:56,Product Support,P3,EN,3,2026-03-04 12:45:56,2026-03-06 08:46:00,0.00,0.00
TKT-00235,scheduled,GEN-01,2026-03-04 10:15:00,2026-03-04 10:40:00,2026-03-04 08:46:38,Product Support,P3,EN,5,2026-03-04 12:46:38,2026-03-06 08:47:00,0.00,0.00
TKT-00236,scheduled,PS-02,2026-03-04 09:55:00,2026-03-04 10:25:00,2026-03-04 08:47:50,Product Support,P3,EN,6,2026-03-04 12:47:50,2026-03-06 08:48:00,0.00,0.00
TKT-00237,scheduled,PS-02,2026-03-04 10:25:00,2026-03-04 11:00:00,2026-03-04 08:51:04,Product Support,P3,EN,7,2026-03-04 12:51:04,2026-03-06 08:52:00,0.00,0.00
TKT-00238,scheduled,PS-02,2026-03-05 15:00:00,2026-03-05 15:40:00,2026-03-04 09:03:06,Product Support,P4,EN,8,2026-03-05 09:04:00,2026-03-11 09:04:00,356.00,0.00
TKT-00239,scheduled,INT-02,2026-03-04 09:10:00,2026-03-04 09:55:00,2026-03-04 09:07:36,Integrations/API,P2,EN,9,2026-03-04 10:07:36,2026-03-05 09:08:00,0.00,0.00
TKT-00240,scheduled,GEN-02,2026-03-04 10:40:00,2026-03-04 11:40:00,2026-03-04 09:18:56,Product Support,P3,EN,12,2026-03-04 13:18:56,2026-03-06 09:19:00,0.00,0.00
TKT-00241,scheduled,INT-01,2026-03-04 09:45:00,2026-03-04 10:35:00,2026-03-04 09:19:26,Integrations/API,P1,EN,10,2026-03-04 09:34:26,2026-03-04 13:19:26,10.57,0.00
TKT-00242,scheduled,GEN-03,2026-03-04 09:30:00,2026-03-04 10:00:00,2026-03-04 09:23:29,Product Support,P2,EN,6,2026-03-04 10:23:29,2026-03-05 09:24:00,0.00,0.00
TKT-00243,scheduled,INT-01,2026-03-04 10:35:00,2026-03-04 12:15:00,2026-03-04 09:23:30,Integrations/API,P3,DE,20,2026-03-04 13:23:30,2026-03-06 09:24:00,0.00,0.00
TKT-00244,scheduled,GEN-03,2026-03-04 11:25:00,2026-03-04 12:05:00,2026-03-04 09:24:11,Product Support,P3,EN,8,2026-03-04 13:24:11,2026-03-06 09:25:00,0.00,0.00
TKT-00245,scheduled,GEN-01,2026-03-04 11:45:00,2026-03-04 12:15:00,2026-03-04 09:29:49,Account Access,P3,EN,6,2026-03-04 13:29:49,2026-03-06 09:30:00,0.00,0.00
TKT-00246,scheduled,GEN-01,2026-03-04 09:55:00,2026-03-04 10:15:00,2026-03-04 09:30:53,Account Access,P2,DE,4,2026-03-04 10:30:53,2026-03-05 09:31:00,0.00,0.00
TKT-00247,scheduled,GEN-01,2026-03-04 12:40:00,2026-03-04 13:10:00,2026-03-04 09:31:19,Billing,P3,DE,6,2026-03-04 13:31:19,2026-03-06 09:32:00,0.00,0.00
TKT-00248,scheduled,PS-02,2026-03-06 08:55:00,2026-03-06 10:15:00,2026-03-04 09:31:26,Product Support,P4,EN,16,2026-03-05 09:32:00,2026-03-11 09:32:00,1403.00,0.00
TKT-00249,scheduled,GEN-01,2026-03-05 15:10:00,2026-03-05 15:40:00,2026-03-04 09:33:41,Billing,P4,EN,6,2026-03-05 09:34:00,2026-03-11 09:34:00,336.00,0.00
TKT-00250,scheduled,PS-01,2026-03-05 14:15:00,2026-03-05 15:00:00,2026-03-04 09:37:11,Product Support,P4,EN,9,2026-03-05 09:38:00,2026-03-11 09:38:00,277.00,0.00
TKT-00251,scheduled,PS-02,2026-03-04 12:15:00,2026-03-04 13:40:00,2026-03-04 09:39:03,Product Support,P3,EN,17,2026-03-04 13:39:03,2026-03-06 09:40:00,0.00,0.00
TKT-00252,scheduled,GEN-02,2026-03-05 14:15:00,2026-03-05 14:25:00,2026-03-04 09:40:50,Account Access,P4,EN,2,2026-03-05 09:41:00,2026-03-11 09:41:00,274.00,0.00
TKT-00253,scheduled,INT-02,2026-03-04 09:55:00,2026-03-04 10:20:00,2026-03-04 09:49:12,Integrations/API,P3,EN,5,2026-03-04 13:49:12,2026-03-06 09:50:00,0.00,0.00
TKT-00254,scheduled,PS-02,2026-03-05 13:50:00,2026-03-05 15:00:00,2026-03-04 09:52:57,Product Support,P4,EN,14,2026-03-05 09:53:00,2026-03-11 09:53:00,237.00,0.00
TKT-00255,scheduled,GEN-01,2026-03-04 13:10:00,2026-03-04 13:40:00,2026-03-04 09:58:07,Account Access,P3,EN,6,2026-03-04 13:58:07,2026-03-06 09:59:00,0.00,0.00
TKT-00256,scheduled,PS-01,2026-03-04 12:55:00,2026-03-04 13:25:00,2026-03-04 09:58:40,Product Support,P3,EN,6,2026-03-04 13:58:40,2026-03-06 09:59:00,0.00,0.00
TKT-00257,scheduled,GEN-03,2026-03-05 13:55:00,2026-03-05 14:05:00,2026-03-04 10:03:25,Billing,P4,DE,2,2026-03-05 10:04:00,2026-03-11 10:04:00,231.00,0.00
TKT-00258,scheduled,GEN-03,2026-03-04 13:10:00,2026-03-04 13:55:00,2026-03-04 10:04:37,Product Support,P3,EN,9,2026-03-04 14:04:37,2026-03-06 10:05:00,0.00,0.00
TKT-00259,scheduled,PS-01,2026-03-04 10:10:00,2026-03-04 11:15:00,2026-03-04 10:09:42,Product Support,P2,EN,13,2026-03-04 11:09:42,2026-03-05 10:10:00,0.00,0.00
TKT-00260,scheduled,PS-01,2026-03-04 13:25:00,2026-03-04 14:35:00,2026-03-04 10:10:56,Product Support,P3,EN,14,2026-03-04 14:10:56,2026-03-06 10:11:00,0.00,0.00
TKT-00261,scheduled,PS-02,2026-03-05 13:05:00,2026-03-05 13:50:00,2026-03-04 10:13:22,Product Support,P4,EN,9,2026-03-05 10:14:00,2026-03-11 10:14:00,171.00,0.00
TKT-00262,scheduled,GEN-02,2026-03-04 13:20:00,2026-03-04 13:35:00,2026-03-04 10:14:06,Product Support,P3,EN,3,2026-03-04 14:14:06,2026-03-06 10:15:00,0.00,0.00
TKT-00263,scheduled,SIC-01,2026-03-04 10:20:00,2026-03-04 11:50:00,2026-03-04 10:15:46,Integrations/API,P2,DE,18,2026-03-04 11:15:46,2026-03-05 10:16:00,0.00,0.00
TKT-00264,scheduled,GEN-02,2026-03-04 13:35:00,2026-03-04 13:50:00,2026-03-04 10:18:39,Product Support,P3,EN,3,2026-03-04 14:18:39,2026-03-06 10:19:00,0.00,0.00
TKT-00265,scheduled,GEN-01,2026-03-04 10:40:00,2026-03-04 11:20:00,2026-03-04 10:31:21,Product Support,P2,EN,8,2026-03-04 11:31:21,2026-03-05 10:32:00,0.00,0.00
TKT-00266,scheduled,PS-01,2026-03-05 13:00:00,2026-03-05 13:30:00,2026-03-04 10:31:38,Product Support,P4,EN,6,2026-03-05 10:32:00,2026-03-11 10:32:00,148.00,0.00
TKT-00267,scheduled,GEN-01,2026-03-04 13:40:00,2026-03-04 13:50:00,2026-03-04 10:33:46,Account Access,P3,EN,2,2026-03-04 14:33:46,2026-03-06 10:34:00,0.00,0.00
TKT-00268,scheduled,INT-02,2026-03-04 10:40:00,2026-03-04 11:30:00,2026-03-04 10:35:18,Integrations/API,P4,EN,10,2026-03-05 10:36:00,2026-03-11 10:36:00,0.00,0.00
TKT-00269,scheduled,GEN-01,2026-03-04 13:50:00,2026-03-04 14:00:00,2026-03-04 10:37:06,Account Access,P3,DE,2,2026-03-04 14:37:06,2026-03-06 10:38:00,0.00,0.00
TKT-00270,scheduled,GEN-01,2026-03-05 13:50:00,2026-03-05 14:10:00,2026-03-04 10:40:56,Account Access,P4,EN,4,2026-03-05 10:41:00,2026-03-11 10:41:00,189.00,0.00
TKT-00271,scheduled,GEN-02,2026-03-04 13:50:00,2026-03-04 14:15:00,2026-03-04 10:42:08,Account Access,P3,EN,5,2026-03-04 14:42:08,2026-03-06 10:43:00,0.00,0.00
TKT-00272,scheduled,PS-02,2026-03-04 11:00:00,2026-03-04 11:20:00,2026-03-04 10:45:43,Product Support,P2,EN,4,2026-03-04 11:45:43,2026-03-05 10:46:00,0.00,0.00
TKT-00273,scheduled,SIC-01,2026-03-04 11:50:00,2026-03-04 12:25:00,2026-03-04 10:45:45,Billing,P1,EN,7,2026-03-04 11:00:45,2026-03-04 14:45:45,49.25,0.00
TKT-00274,scheduled,GEN-01,2026-03-04 14:00:00,2026-03-04 14:15:00,2026-03-04 10:51:49,Account Access,P3,EN,3,2026-03-04 14:51:49,2026-03-06 10:52:00,0.00,0.00
TKT-00275,scheduled,GEN-03,2026-03-04 13:55:00,2026-03-04 14:20:00,2026-03-04 10:52:12,Account Access,P3,EN,5,2026-03-04 14:52:12,2026-03-06 10:53:00,0.00,0.00
TKT-00276,scheduled,PS-02,2026-03-04 11:20:00,2026-03-04 11:40:00,2026-03-04 10:52:29,Product Support,P2,EN,4,2026-03-04 11:52:29,2026-03-05 10:53:00,0.00,0.00
TKT-00277,scheduled,PS-02,2026-03-05 12:50:00,2026-03-05 13:05:00,2026-03-04 10:53:43,Product Support,P4,EN,3,2026-03-05 10:54:00,2026-03-11 10:54:00,116.00,0.00
TKT-00278,scheduled,GEN-02,2026-03-04 14:15:00,2026-03-04 14:25:00,2026-03-04 10:57:24,Billing,P3,EN,2,2026-03-04 14:57:24,2026-03-06 10:58:00,0.00,0.00
TKT-00279,scheduled,INT-01,2026-03-04 15:30:00,2026-03-04 16:00:00,2026-03-04 10:59:26,Integrations/API,P4,EN,6,2026-03-05 11:00:00,2026-03-11 11:00:00,0.00,0.00
TKT-00280,scheduled,GEN-01,2026-03-04 11:20:00,2026-03-04 11:45:00,2026-03-04 10:59:49,Account Access,P2,EN,5,2026-03-04 11:59:49,2026-03-05 11:00:00,0.00,0.00
TKT-00281,scheduled,PS-01,2026-03-05 12:25:00,2026-03-05 13:00:00,2026-03-04 11:00:14,Product Support,P4,EN,7,2026-03-05 11:01:00,2026-03-11 11:01:00,84.00,0.00
TKT-00282,scheduled,GEN-03,2026-03-05 13:30:00,2026-03-05 13:55:00,2026-03-04 11:01:57,Billing,P4,DE,5,2026-03-05 11:02:00,2026-03-11 11:02:00,148.00,0.00
TKT-00283,scheduled,PS-02,2026-03-05 12:10:00,2026-03-05 12:50:00,2026-03-04 11:03:02,Product Support,P4,EN,8,2026-03-05 11:04:00,2026-03-11 11:04:00,66.00,0.00
TKT-00284,scheduled,GEN-01,2026-03-05 13:20:00,2026-03-05 13:50:00,2026-03-04 11:06:44,Account Access,P4,DE,6,2026-03-05 11:07:00,2026-03-11 11:07:00,133.00,0.00
TKT-00285,scheduled,GEN-03,2026-03-04 14:20:00,2026-03-04 15:35:00,2026-03-04 11:08:16,Account Access,P3,DE,15,2026-03-04 15:08:16,2026-03-06 11:09:00,0.00,0.00
TKT-00286,scheduled,GEN-02,2026-03-04 14:25:00,2026-03-04 15:25:00,2026-03-04 11:12:46,Account Access,P3,EN,12,2026-03-04 15:12:46,2026-03-06 11:13:00,0.00,0.00
TKT-00287,scheduled,PS-01,2026-03-04 11:15:00,2026-03-04 12:55:00,2026-03-04 11:13:55,Product Support,P1,EN,20,2026-03-04 11:28:55,2026-03-04 15:13:55,0.00,0.00
TKT-00288,scheduled,PS-02,2026-03-04 13:40:00,2026-03-04 15:10:00,2026-03-04 11:15:47,Product Support,P3,EN,18,2026-03-04 15:15:47,2026-03-06 11:16:00,0.00,0.00
TKT-00289,scheduled,GEN-01,2026-03-04 14:40:00,2026-03-04 15:10:00,2026-03-04 11:21:56,Account Access,P3,EN,6,2026-03-04 15:21:56,2026-03-06 11:22:00,0.00,0.00
TKT-00290,scheduled,INT-02,2026-03-04 11:30:00,2026-03-04 13:40:00,2026-03-04 11:22:39,Integrations/API,P1,EN,26,2026-03-04 11:37:39,2026-03-04 15:22:39,0.00,0.00
TKT-00291,scheduled,GEN-01,2026-03-04 14:30:00,2026-03-04 14:40:00,2026-03-04 11:22:57,Account Access,P3,EN,2,2026-03-04 15:22:57,2026-03-06 11:23:00,0.00,0.00
TKT-00292,scheduled,GEN-02,2026-03-04 11:40:00,2026-03-04 12:10:00,2026-03-04 11:26:58,Product Support,P2,EN,6,2026-03-04 12:26:58,2026-03-05 11:27:00,0.00,0.00
TKT-00293,scheduled,PS-02,2026-03-04 11:40:00,2026-03-04 12:15:00,2026-03-04 11:34:08,Product Support,P1,EN,7,2026-03-04 11:49:08,2026-03-04 15:34:08,0.00,0.00
TKT-00294,scheduled,INT-01,2026-03-04 12:15:00,2026-03-04 14:40:00,2026-03-04 11:38:18,Integrations/API,P1,EN,29,2026-03-04 11:53:18,2026-03-04 15:38:18,21.70,0.00
TKT-00295,scheduled,INT-01,2026-03-05 08:00:00,2026-03-05 09:05:00,2026-03-04 11:40:56,Integrations/API,P3,DE,13,2026-03-04 15:40:56,2026-03-06 11:41:00,979.07,0.00
TKT-00296,scheduled,INT-01,2026-03-04 14:40:00,2026-03-04 15:30:00,2026-03-04 11:41:09,Integrations/API,P3,EN,10,2026-03-04 15:41:09,2026-03-06 11:42:00,0.00,0.00
TKT-00297,scheduled,PS-02,2026-03-04 15:10:00,2026-03-04 15:50:00,2026-03-04 11:42:14,Product Support,P3,EN,8,2026-03-04 15:42:14,2026-03-06 11:43:00,0.00,0.00
TKT-00298,scheduled,GEN-03,2026-03-05 13:05:00,2026-03-05 13:15:00,2026-03-04 11:43:05,Account Access,P4,EN,2,2026-03-05 11:44:00,2026-03-11 11:44:00,81.00,0.00
TKT-00299,scheduled,GEN-01,2026-03-05 12:10:00,2026-03-05 12:45:00,2026-03-04 11:44:10,Product Support,P4,DE,7,2026-03-05 11:45:00,2026-03-11 11:45:00,25.00,0.00
TKT-00300,scheduled,PS-01,2026-03-04 15:10:00,2026-03-04 16:00:00,2026-03-04 11:45:11,Product Support,P3,EN,10,2026-03-04 15:45:11,2026-03-06 11:46:00,0.00,0.00
TKT-00301,scheduled,INT-02,2026-03-04 14:35:00,2026-03-04 15:40:00,2026-03-04 11:47:13,Integrations/API,P2,EN,13,2026-03-04 12:47:13,2026-03-05 11:48:00,107.78,0.00
TKT-00302,scheduled,INT-02,2026-03-05 14:25:00,2026-03-05 15:05:00,2026-03-04 11:47:50,Integrations/API,P3,EN,8,2026-03-04 15:47:50,2026-03-06 11:48:00,1357.17,0.00
TKT-00303,scheduled,INT-02,2026-03-05 13:50:00,2026-03-05 14:25:00,2026-03-04 11:49:46,Integrations/API,P3,EN,7,2026-03-04 15:49:46,2026-03-06 11:50:00,1320.23,0.00
TKT-00304,scheduled,GEN-02,2026-03-05 12:05:00,2026-03-05 12:40:00,2026-03-04 11:51:41,Product Support,P4,EN,7,2026-03-05 11:52:00,2026-03-11 11:52:00,13.00,0.00
TKT-00305,scheduled,GEN-01,2026-03-05 08:00:00,2026-03-05 09:20:00,2026-03-04 11:52:37,Product Support,P3,EN,16,2026-03-04 15:52:37,2026-03-06 11:53:00,967.38,0.00
TKT-00306,scheduled,INT-02,2026-03-05 13:10:00,2026-03-05 13:50:00,2026-03-04 11:52:53,Integrations/API,P3,EN,8,2026-03-04 15:52:53,2026-03-06 11:53:00,1277.12,0.00
TKT-00307,scheduled,GEN-02,2026-03-04 12:10:00,2026-03-04 12:40:00,2026-03-04 11:55:07,Account Access,P2,EN,6,2026-03-04 12:55:07,2026-03-05 11:56:00,0.00,0.00
TKT-00308,scheduled,GEN-03,2026-03-04 12:05:00,2026-03-04 12:50:00,2026-03-04 11:55:12,Product Support,P2,EN,9,2026-03-04 12:55:12,2026-03-05 11:56:00,0.00,0.00
TKT-00309,scheduled,PS-01,2026-03-05 08:00:00,2026-03-05 09:20:00,2026-03-04 11:57:42,Product Support,P3,EN,16,2026-03-04 15:57:42,2026-03-06 11:58:00,962.30,0.00
TKT-00310,scheduled,GEN-02,2026-03-04 15:45:00,2026-03-04 15:55:00,2026-03-04 11:58:32,Account Access,P3,EN,2,2026-03-04 15:58:32,2026-03-06 11:59:00,0.00,0.00
TKT-00311,scheduled,GEN-03,2026-03-05 08:00:00,2026-03-05 08:15:00,2026-03-04 12:06:05,Billing,P3,DE,3,2026-03-05 08:07:00,2026-03-06 12:07:00,0.00,0.00
TKT-00312,scheduled,PS-02,2026-03-05 08:00:00,2026-03-05 08:35:00,2026-03-04 12:07:25,Product Support,P3,EN,7,2026-03-05 08:08:00,2026-03-06 12:08:00,0.00,0.00
TKT-00313,scheduled,GEN-02,2026-03-05 08:00:00,2026-03-05 08:30:00,2026-03-04 12:10:12,Product Support,P3,EN,6,2026-03-05 08:11:00,2026-03-06 12:11:00,0.00,0.00
TKT-00314,scheduled,GEN-01,2026-03-04 12:15:00,2026-03-04 12:40:00,2026-03-04 12:13:00,Account Access,P2,EN,5,2026-03-04 13:13:00,2026-03-05 12:13:00,0.00,0.00
TKT-00315,scheduled,GEN-03,2026-03-05 08:15:00,2026-03-05 08:35:00,2026-03-04 12:17:40,Product Support,P3,EN,4,2026-03-05 08:18:00,2026-03-06 12:18:00,0.00,0.00
TKT-00316,scheduled,GEN-02,2026-03-04 12:40:00,2026-03-04 13:00:00,2026-03-04 12:17:45,Account Access,P2,EN,4,2026-03-04 13:17:45,2026-03-05 12:18:00,0.00,0.00
TKT-00317,scheduled,SIC-01,2026-03-04 12:25:00,2026-03-04 13:40:00,2026-03-04 12:20:41,Billing,P1,EN,15,2026-03-04 12:35:41,2026-03-05 08:21:00,0.00,0.00
TKT-00318,scheduled,SIC-01,2026-03-04 13:40:00,2026-03-04 14:50:00,2026-03-04 12:41:48,Integrations/API,P1,EN,14,2026-03-04 12:56:48,2026-03-05 08:42:00,43.20,0.00
TKT-00319,scheduled,GEN-02,2026-03-05 08:30:00,2026-03-05 08:50:00,2026-03-04 12:44:23,Product Support,P3,EN,4,2026-03-05 08:45:00,2026-03-06 12:45:00,0.00,0.00
TKT-00320,scheduled,GEN-03,2026-03-04 12:50:00,2026-03-04 13:10:00,2026-03-04 12:44:54,Billing,P2,EN,4,2026-03-04 13:44:54,2026-03-05 12:45:00,0.00,0.00
TKT-00321,scheduled,INT-02,2026-03-05 11:25:00,2026-03-05 13:10:00,2026-03-04 12:46:29,Integrations/API,P3,EN,21,2026-03-05 08:47:00,2026-03-06 12:47:00,158.00,0.00
TKT-00322,scheduled,SIC-01,2026-03-05 08:00:00,2026-03-05 09:35:00,2026-03-04 12:49:15,Integrations/API,P2,EN,19,2026-03-04 13:49:15,2026-03-05 12:50:00,1090.75,0.00
TKT-00323,scheduled,GEN-02,2026-03-04 13:00:00,2026-03-04 13:20:00,2026-03-04 12:49:24,Account Access,P2,EN,4,2026-03-04 13:49:24,2026-03-05 12:50:00,0.00,0.00
TKT-00324,scheduled,INT-01,2026-03-05 14:25:00,2026-03-05 15:35:00,2026-03-04 12:52:08,Integrations/API,P3,DE,14,2026-03-05 08:53:00,2026-03-06 12:53:00,332.00,0.00
TKT-00325,scheduled,GEN-02,2026-03-05 09:35:00,2026-03-05 10:10:00,2026-03-04 12:52:57,Billing,P3,DE,7,2026-03-05 08:53:00,2026-03-06 12:53:00,42.00,0.00
TKT-00326,scheduled,GEN-01,2026-03-05 09:20:00,2026-03-05 09:45:00,2026-03-04 12:53:18,Account Access,P3,EN,5,2026-03-05 08:54:00,2026-03-06 12:54:00,26.00,0.00
TKT-00327,scheduled,GEN-03,2026-03-05 08:35:00,2026-03-05 09:05:00,2026-03-04 12:53:20,Account Access,P3,EN,6,2026-03-05 08:54:00,2026-03-06 12:54:00,0.00,0.00
TKT-00328,scheduled,INT-02,2026-03-04 15:40:00,2026-03-04 16:00:00,2026-03-04 12:53:25,Integrations/API,P3,EN,4,2026-03-05 08:54:00,2026-03-06 12:54:00,0.00,0.00
TKT-00329,scheduled,GEN-03,2026-03-05 13:15:00,2026-03-05 13:30:00,2026-03-04 13:18:28,Account Access,P4,EN,3,2026-03-05 13:19:00,2026-03-11 13:19:00,0.00,0.00
TKT-00330,backlog_end,,,,2026-03-04 13:21:33,Integrations/API,P4,DE,17,2026-03-05 13:22:00,2026-03-11 13:22:00,,
TKT-00331,scheduled,INT-02,2026-03-04 13:40:00,2026-03-04 14:35:00,2026-03-04 13:34:14,Integrations/API,P1,EN,11,2026-03-04 13:49:14,2026-03-05 09:35:00,0.00,0.00
TKT-00332,scheduled,INT-02,2026-03-05 10:05:00,2026-03-05 11:25:00,2026-03-04 13:58:25,Integrations/API,P3,EN,16,2026-03-05 09:59:00,2026-03-06 13:59:00,6.00,0.00
TKT-00333,scheduled,PS-01,2026-03-05 09:20:00,2026-03-05 10:55:00,2026-03-04 14:01:40,Product Support,P3,DE,19,2026-03-05 10:02:00,2026-03-06 14:02:00,0.00,0.00
TKT-00334,scheduled,INT-02,2026-03-05 08:00:00,2026-03-05 10:05:00,2026-03-04 14:07:37,Integrations/API,P2,EN,25,2026-03-04 15:07:37,2026-03-05 14:08:00,1012.38,0.00
TKT-00335,scheduled,GEN-01,2026-03-05 14:10:00,2026-03-05 14:25:00,2026-03-04 14:08:43,Account Access,P4,EN,3,2026-03-05 14:09:00,2026-03-11 14:09:00,1.00,0.00
TKT-00336,scheduled,GEN-01,2026-03-04 14:15:00,2026-03-04 14:30:00,2026-03-04 14:14:24,Billing,P2,EN,3,2026-03-04 15:14:24,2026-03-05 14:15:00,0.00,0.00
TKT-00337,scheduled,GEN-01,2026-03-05 09:45:00,2026-03-05 09:55:00,2026-03-04 14:15:45,Account Access,P3,EN,2,2026-03-05 10:16:00,2026-03-06 14:16:00,0.00,0.00
TKT-00338,scheduled,PS-02,2026-03-05 08:35:00,2026-03-05 09:20:00,2026-03-04 14:38:44,Product Support,P3,EN,9,2026-03-05 10:39:00,2026-03-06 14:39:00,0.00,0.00
TKT-00339,scheduled,PS-02,2026-03-05 09:20:00,2026-03-05 10:00:00,2026-03-04 14:48:47,Product Support,P3,EN,8,2026-03-05 10:49:00,2026-03-06 14:49:00,0.00,0.00
TKT-00340,scheduled,GEN-02,2026-03-05 10:10:00,2026-03-05 10:55:00,2026-03-04 15:19:31,Product Support,P3,EN,9,2026-03-05 11:20:00,2026-03-06 15:20:00,0.00,0.00
TKT-00341,scheduled,GEN-03,2026-03-06 15:00:00,2026-03-06 15:20:00,2026-03-05 08:13:16,Account Access,P4,DE,4,2026-03-06 08:14:00,2026-03-12 08:14:00,406.00,0.00
TKT-00342,scheduled,INT-02,2026-03-06 14:55:00,2026-03-06 15:35:00,2026-03-05 08:22:20,Integrations/API,P4,EN,8,2026-03-06 08:23:00,2026-03-12 08:23:00,392.00,0.00
TKT-00343,scheduled,GEN-03,2026-03-06 08:45:00,2026-03-06 09:20:00,2026-03-05 08:39:13,Billing,P4,EN,7,2026-03-06 08:40:00,2026-03-12 08:40:00,5.00,0.00
TKT-00344,scheduled,GEN-02,2026-03-05 08:50:00,2026-03-05 09:35:00,2026-03-05 08:39:47,Product Support,P2,DE,9,2026-03-05 09:39:47,2026-03-06 08:40:00,0.00,0.00
TKT-00345,scheduled,GEN-01,2026-03-05 10:25:00,2026-03-05 10:45:00,2026-03-05 08:45:48,Product Support,P3,EN,4,2026-03-05 12:45:48,2026-03-09 08:46:00,0.00,0.00
TKT-00346,scheduled,INT-01,2026-03-05 09:05:00,2026-03-05 11:10:00,2026-03-05 08:48:11,Integrations/API,P2,EN,25,2026-03-05 09:48:11,2026-03-06 08:49:00,0.00,0.00
TKT-00347,scheduled,PS-02,2026-03-05 10:30:00,2026-03-05 10:50:00,2026-03-05 08:52:21,Product Support,P3,EN,4,2026-03-05 12:52:21,2026-03-09 08:53:00,0.00,0.00
TKT-00348,scheduled,GEN-01,2026-03-06 09:10:00,2026-03-06 09:40:00,2026-03-05 09:01:54,Product Support,P4,EN,6,2026-03-06 09:02:00,2026-03-12 09:02:00,8.00,0.00
TKT-00349,scheduled,GEN-03,2026-03-05 09:05:00,2026-03-05 10:00:00,2026-03-05 09:03:58,Billing,P2,DE,11,2026-03-05 10:03:58,2026-03-06 09:04:00,0.00,0.00
TKT-00350,scheduled,GEN-01,2026-03-06 15:00:00,2026-03-06 15:15:00,2026-03-05 09:16:56,Billing,P4,EN,3,2026-03-06 09:17:00,2026-03-12 09:17:00,343.00,0.00
TKT-00351,scheduled,GEN-01,2026-03-05 15:55:00,2026-03-05 16:00:00,2026-03-05 09:22:17,Account Access,P4,EN,1,2026-03-06 09:23:00,2026-03-12 09:23:00,0.00,0.00
TKT-00352,scheduled,PS-02,2026-03-06 14:15:00,2026-03-06 14:55:00,2026-03-05 09:24:27,Product Support,P4,EN,8,2026-03-06 09:25:00,2026-03-12 09:25:00,290.00,0.00
TKT-00353,backlog_end,,,,2026-03-05 09:24:36,Integrations/API,P4,DE,18,2026-03-06 09:25:00,2026-03-12 09:25:00,,
TKT-00354,scheduled,GEN-03,2026-03-05 10:45:00,2026-03-05 11:40:00,2026-03-05 09:26:05,Product Support,P3,DE,11,2026-03-05 13:26:05,2026-03-09 09:27:00,0.00,0.00
TKT-00355,scheduled,GEN-01,2026-03-05 10:45:00,2026-03-05 10:55:00,2026-03-05 09:36:04,Product Support,P3,DE,2,2026-03-05 13:36:04,2026-03-09 09:37:00,0.00,0.00
TKT-00356,scheduled,PS-02,2026-03-05 10:50:00,2026-03-05 12:10:00,2026-03-05 09:36:11,Product Support,P3,EN,16,2026-03-05 13:36:11,2026-03-09 09:37:00,0.00,0.00
TKT-00357,scheduled,SIC-01,2026-03-05 09:45:00,2026-03-05 10:10:00,2026-03-05 09:40:27,Account Access,P2,EN,5,2026-03-05 10:40:27,2026-03-06 09:41:00,0.00,0.00
TKT-00358,scheduled,PS-01,2026-03-05 10:55:00,2026-03-05 11:10:00,2026-03-05 09:42:58,Product Support,P3,DE,3,2026-03-05 13:42:58,2026-03-09 09:43:00,0.00,0.00
TKT-00359,scheduled,GEN-01,2026-03-05 09:55:00,2026-03-05 10:25:00,2026-03-05 09:45:09,Product Support,P2,EN,6,2026-03-05 10:45:09,2026-03-06 09:46:00,0.00,0.00
TKT-00360,scheduled,GEN-02,2026-03-05 10:55:00,2026-03-05 11:15:00,2026-03-05 09:47:34,Product Support,P3,EN,4,2026-03-05 13:47:34,2026-03-09 09:48:00,0.00,0.00
TKT-00361,scheduled,SIC-01,2026-03-05 10:10:00,2026-03-05 11:30:00,2026-03-05 09:47:53,Integrations/API,P1,DE,16,2026-03-05 10:02:53,2026-03-05 13:47:53,7.12,0.00
TKT-00362,scheduled,PS-01,2026-03-06 14:45:00,2026-03-06 15:25:00,2026-03-05 09:50:01,Product Support,P4,EN,8,2026-03-06 09:51:00,2026-03-12 09:51:00,294.00,0.00
TKT-00363,scheduled,GEN-02,2026-03-05 11:25:00,2026-03-05 11:35:00,2026-03-05 09:51:57,Account Access,P3,EN,2,2026-03-05 13:51:57,2026-03-09 09:52:00,0.00,0.00
TKT-00364,scheduled,GEN-03,2026-03-05 10:00:00,2026-03-05 10:05:00,2026-03-05 09:52:26,Account Access,P2,EN,1,2026-03-05 10:52:26,2026-03-06 09:53:00,0.00,0.00
TKT-00365,scheduled,GEN-02,2026-03-05 11:15:00,2026-03-05 11:25:00,2026-03-05 09:53:17,Account Access,P3,DE,2,2026-03-05 13:53:17,2026-03-09 09:54:00,0.00,0.00
TKT-00366,scheduled,PS-01,2026-03-05 11:10:00,2026-03-05 11:25:00,2026-03-05 09:53:26,Product Support,P3,EN,3,2026-03-05 13:53:26,2026-03-09 09:54:00,0.00,0.00
TKT-00367,scheduled,PS-02,2026-03-05 10:00:00,2026-03-05 10:30:00,2026-03-05 09:58:12,Product Support,P2,EN,6,2026-03-05 10:58:12,2026-03-06 09:59:00,0.00,0.00
TKT-00368,scheduled,GEN-03,2026-03-05 10:05:00,2026-03-05 10:45:00,2026-03-05 09:59:21,Billing,P2,EN,8,2026-03-05 10:59:21,2026-03-06 10:00:00,0.00,0.00
TKT-00369,scheduled,GEN-02,2026-03-06 14:30:00,2026-03-06 15:00:00,2026-03-05 10:08:51,Account Access,P4,DE,6,2026-03-06 10:09:00,2026-03-12 10:09:00,261.00,0.00
TKT-00370,scheduled,GEN-01,2026-03-05 11:30:00,2026-03-05 11:45:00,2026-03-05 10:12:51,Account Access,P3,EN,3,2026-03-05 14:12:51,2026-03-09 10:13:00,0.00,0.00
TKT-00371,scheduled,GEN-02,2026-03-05 11:35:00,2026-03-05 11:45:00,2026-03-05 10:16:21,Account Access,P3,EN,2,2026-03-05 14:16:21,2026-03-09 10:17:00,0.00,0.00
TKT-00372,scheduled,PS-01,2026-03-06 12:10:00,2026-03-06 12:40:00,2026-03-05 10:18:38,Product Support,P4,EN,6,2026-03-06 10:19:00,2026-03-12 10:19:00,111.00,0.00
TKT-00373,scheduled,PS-01,2026-03-05 11:25:00,2026-03-05 12:25:00,2026-03-05 10:19:02,Product Support,P3,DE,12,2026-03-05 14:19:02,2026-03-09 10:20:00,0.00,0.00
TKT-00374,scheduled,INT-01,2026-03-06 08:00:00,2026-03-06 09:15:00,2026-03-05 10:31:57,Integrations/API,P3,EN,15,2026-03-05 14:31:57,2026-03-09 10:32:00,1048.05,0.00
TKT-00375,scheduled,GEN-03,2026-03-05 11:40:00,2026-03-05 11:50:00,2026-03-05 10:32:21,Account Access,P3,EN,2,2026-03-05 14:32:21,2026-03-09 10:33:00,0.00,0.00
TKT-00376,scheduled,INT-01,2026-03-05 11:10:00,2026-03-05 13:10:00,2026-03-05 10:38:20,Integrations/API,P2,EN,24,2026-03-05 11:38:20,2026-03-06 10:39:00,0.00,0.00
TKT-00377,scheduled,GEN-01,2026-03-05 11:45:00,2026-03-05 12:10:00,2026-03-05 10:39:28,Account Access,P3,DE,5,2026-03-05 14:39:28,2026-03-09 10:40:00,0.00,0.00
TKT-00378,scheduled,GEN-03,2026-03-05 11:50:00,2026-03-05 12:00:00,2026-03-05 10:40:05,Billing,P3,EN,2,2026-03-05 14:40:05,2026-03-09 10:41:00,0.00,0.00
TKT-00379,backlog_end,,,,2026-03-05 10:44:41,Integrations/API,P4,EN,14,2026-03-06 10:45:00,2026-03-12 10:45:00,,
TKT-00380,scheduled,GEN-01,2026-03-05 10:55:00,2026-03-05 11:30:00,2026-03-05 10:51:09,Product Support,P2,EN,7,2026-03-05 11:51:09,2026-03-06 10:52:00,0.00,0.00
TKT-00381,scheduled,GEN-03,2026-03-05 12:00:00,2026-03-05 13:05:00,2026-03-05 10:51:47,Account Access,P3,EN,13,2026-03-05 14:51:47,2026-03-09 10:52:00,0.00,0.00
TKT-00382,scheduled,INT-02,2026-03-06 08:00:00,2026-03-06 09:05:00,2026-03-05 10:51:57,Integrations/API,P3,EN,13,2026-03-05 14:51:57,2026-03-09 10:52:00,1028.05,0.00
TKT-00383,backlog_end,,,,2026-03-05 10:55:48,Integrations/API,P4,EN,22,2026-03-06 10:56:00,2026-03-12 10:56:00,,
TKT-00384,scheduled,PS-01,2026-03-06 11:40:00,2026-03-06 12:10:00,2026-03-05 10:56:14,Product Support,P4,EN,6,2026-03-06 10:57:00,2026-03-12 10:57:00,43.00,0.00
TKT-00385,scheduled,GEN-01,2026-03-06 14:25:00,2026-03-06 14:50:00,2026-03-05 10:58:21,Billing,P4,EN,5,2026-03-06 10:59:00,2026-03-12 10:59:00,206.00,0.00
TKT-00386,scheduled,INT-02,2026-03-06 10:55:00,2026-03-06 12:10:00,2026-03-05 11:10:20,Integrations/API,P3,EN,15,2026-03-05 15:10:20,2026-03-09 11:11:00,1184.67,0.00
TKT-00387,scheduled,GEN-01,2026-03-05 12:45:00,2026-03-05 13:20:00,2026-03-05 11:10:56,Billing,P3,DE,7,2026-03-05 15:10:56,2026-03-09 11:11:00,0.00,0.00
TKT-00388,scheduled,INT-02,2026-03-05 15:05:00,2026-03-05 16:00:00,2026-03-05 11:15:44,Integrations/API,P3,EN,11,2026-03-05 15:15:44,2026-03-09 11:16:00,0.00,0.00
TKT-00389,scheduled,GEN-02,2026-03-06 14:20:00,2026-03-06 14:30:00,2026-03-05 11:15:51,Account Access,P4,DE,2,2026-03-06 11:16:00,2026-03-12 11:16:00,184.00,0.00
TKT-00390,scheduled,SIC-01,2026-03-05 11:30:00,2026-03-05 11:55:00,2026-03-05 11:26:17,Account Access,P1,EN,5,2026-03-05 11:41:17,2026-03-05 15:26:17,0.00,0.00
TKT-00391,scheduled,GEN-01,2026-03-06 11:35:00,2026-03-06 11:50:00,2026-03-05 11:28:33,Billing,P4,EN,3,2026-03-06 11:29:00,2026-03-12 11:29:00,6.00,0.00
TKT-00392,scheduled,GEN-03,2026-03-05 14:05:00,2026-03-05 15:25:00,2026-03-05 11:31:50,Product Support,P3,EN,16,2026-03-05 15:31:50,2026-03-09 11:32:00,0.00,0.00
TKT-00393,scheduled,GEN-02,2026-03-05 14:25:00,2026-03-05 15:10:00,2026-03-05 11:35:33,Billing,P3,EN,9,2026-03-05 15:35:33,2026-03-09 11:36:00,0.00,0.00
TKT-00394,scheduled,GEN-02,2026-03-06 11:40:00,2026-03-06 12:05:00,2026-03-05 11:40:06,Billing,P4,EN,5,2026-03-06 11:41:00,2026-03-12 11:41:00,0.00,0.00
TKT-00395,scheduled,GEN-02,2026-03-05 11:45:00,2026-03-05 12:05:00,2026-03-05 11:44:49,Account Access,P2,EN,4,2026-03-05 12:44:49,2026-03-06 11:45:00,0.00,0.00
TKT-00396,scheduled,SIC-01,2026-03-05 11:55:00,2026-03-05 14:00:00,2026-03-05 11:54:47,Integrations/API,P1,EN,25,2026-03-05 12:09:47,2026-03-05 15:54:47,0.00,0.00
TKT-00397,scheduled,INT-01,2026-03-06 11:20:00,2026-03-06 12:20:00,2026-03-05 12:08:03,Integrations/API,P3,DE,12,2026-03-06 08:09:00,2026-03-09 12:09:00,191.00,0.00
TKT-00398,scheduled,INT-01,2026-03-06 09:55:00,2026-03-06 11:20:00,2026-03-05 12:14:23,Integrations/API,P3,EN,17,2026-03-06 08:15:00,2026-03-09 12:15:00,100.00,0.00
TKT-00399,scheduled,PS-01,2026-03-06 08:00:00,2026-03-06 09:20:00,2026-03-05 12:22:00,Product Support,P3,DE,16,2026-03-06 08:22:00,2026-03-09 12:22:00,0.00,0.00
TKT-00400,scheduled,GEN-02,2026-03-05 15:55:00,2026-03-05 16:00:00,2026-03-05 12:23:11,Account Access,P4,EN,1,2026-03-06 12:24:00,2026-03-12 12:24:00,0.00,0.00
TKT-00401,scheduled,GEN-02,2026-03-05 12:40:00,2026-03-05 13:30:00,2026-03-05 12:25:56,Product Support,P2,EN,10,2026-03-05 13:25:56,2026-03-06 12:26:00,0.00,0.00
TKT-00402,scheduled,INT-01,2026-03-06 09:15:00,2026-03-06 09:55:00,2026-03-05 12:26:58,Integrations/API,P3,DE,8,2026-03-06 08:27:00,2026-03-09 12:27:00,48.00,0.00
TKT-00403,scheduled,GEN-01,2026-03-06 08:00:00,2026-03-06 09:10:00,2026-03-05 12:28:11,Billing,P3,DE,14,2026-03-06 08:29:00,2026-03-09 12:29:00,0.00,0.00
TKT-00404,scheduled,GEN-03,2026-03-06 14:20:00,2026-03-06 14:40:00,2026-03-05 12:35:20,Account Access,P4,EN,4,2026-03-06 12:36:00,2026-03-12 12:36:00,104.00,0.00
TKT-00405,scheduled,GEN-02,2026-03-06 08:00:00,2026-03-06 08:10:00,2026-03-05 12:40:48,Billing,P3,DE,2,2026-03-06 08:41:00,2026-03-09 12:41:00,0.00,0.00
TKT-00406,scheduled,PS-02,2026-03-06 13:25:00,2026-03-06 13:45:00,2026-03-05 12:42:25,Product Support,P4,EN,4,2026-03-06 12:43:00,2026-03-12 12:43:00,42.00,0.00
TKT-00407,scheduled,PS-02,2026-03-05 15:40:00,2026-03-05 15:50:00,2026-03-05 12:44:01,Product Support,P3,EN,2,2026-03-06 08:45:00,2026-03-09 12:45:00,0.00,0.00
TKT-00408,scheduled,GEN-01,2026-03-06 13:15:00,2026-03-06 13:50:00,2026-03-05 12:46:57,Billing,P4,DE,7,2026-03-06 12:47:00,2026-03-12 12:47:00,28.00,0.00
TKT-00409,scheduled,GEN-03,2026-03-06 08:00:00,2026-03-06 08:10:00,2026-03-05 12:47:57,Account Access,P3,DE,2,2026-03-06 08:48:00,2026-03-09 12:48:00,0.00,0.00
TKT-00410,scheduled,INT-01,2026-03-05 13:10:00,2026-03-05 14:25:00,2026-03-05 12:50:02,Integrations/API,P2,DE,15,2026-03-05 13:50:02,2026-03-06 12:51:00,0.00,0.00
TKT-00411,scheduled,PS-02,2026-03-06 08:00:00,2026-03-06 08:55:00,2026-03-05 12:50:11,Product Support,P3,EN,11,2026-03-06 08:51:00,2026-03-09 12:51:00,0.00,0.00
TKT-00412,scheduled,GEN-01,2026-03-06 12:50:00,2026-03-06 13:15:00,2026-03-05 12:52:13,Billing,P4,EN,5,2026-03-06 12:53:00,2026-03-12 12:53:00,0.00,0.00
TKT-00413,scheduled,GEN-02,2026-03-06 12:55:00,2026-03-06 13:10:00,2026-03-05 12:54:13,Billing,P4,EN,3,2026-03-06 12:55:00,2026-03-12 12:55:00,0.00,0.00
TKT-00414,scheduled,GEN-02,2026-03-06 08:10:00,2026-03-06 09:00:00,2026-03-05 12:54:42,Billing,P3,EN,10,2026-03-06 08:55:00,2026-03-09 12:55:00,0.00,0.00
TKT-00415,scheduled,GEN-02,2026-03-06 13:10:00,2026-03-06 14:20:00,2026-03-05 13:01:56,Account Access,P4,EN,14,2026-03-06 13:02:00,2026-03-12 13:02:00,8.00,0.00
TKT-00416,scheduled,PS-01,2026-03-05 13:30:00,2026-03-05 14:15:00,2026-03-05 13:13:54,Product Support,P1,DE,9,2026-03-05 13:28:54,2026-03-06 09:14:00,1.10,0.00
TKT-00417,scheduled,PS-01,2026-03-05 15:35:00,2026-03-05 15:50:00,2026-03-05 13:14:10,Product Support,P3,DE,3,2026-03-06 09:15:00,2026-03-09 13:15:00,0.00,0.00
TKT-00418,scheduled,GEN-01,2026-03-06 14:15:00,2026-03-06 14:25:00,2026-03-05 13:24:32,Account Access,P4,EN,2,2026-03-06 13:25:00,2026-03-12 13:25:00,50.00,0.00
TKT-00419,scheduled,GEN-03,2026-03-06 08:10:00,2026-03-06 08:40:00,2026-03-05 13:28:54,Account Access,P3,EN,6,2026-03-06 09:29:00,2026-03-09 13:29:00,0.00,0.00
TKT-00420,scheduled,SIC-01,2026-03-06 08:00:00,2026-03-06 09:45:00,2026-03-05 14:38:44,Integrations/API,P2,EN,21,2026-03-05 15:38:44,2026-03-06 14:39:00,981.27,0.00
TKT-00421,backlog_end,,,,2026-03-06 08:09:12,Account Access,P4,EN,5,2026-03-09 08:10:00,2026-03-13 08:10:00,,
TKT-00422,scheduled,INT-02,2026-03-06 09:05:00,2026-03-06 10:15:00,2026-03-06 08:17:45,Integrations/API,P2,EN,14,2026-03-06 09:17:45,2026-03-09 08:18:00,0.00,0.00
TKT-00423,backlog_end,,,,2026-03-06 08:31:02,Account Access,P4,EN,4,2026-03-09 08:32:00,2026-03-13 08:32:00,,
TKT-00424,scheduled,GEN-03,2026-03-06 08:40:00,2026-03-06 08:45:00,2026-03-06 08:39:06,Account Access,P3,DE,1,2026-03-06 12:39:06,2026-03-10 08:40:00,0.00,0.00
TKT-00425,scheduled,INT-01,2026-03-06 13:25:00,2026-03-06 14:00:00,2026-03-06 08:44:10,Integrations/API,P3,EN,7,2026-03-06 12:44:10,2026-03-10 08:45:00,40.83,0.00
TKT-00426,scheduled,GEN-02,2026-03-06 09:00:00,2026-03-06 10:10:00,2026-03-06 08:54:38,Billing,P2,EN,14,2026-03-06 09:54:38,2026-03-09 08:55:00,0.00,0.00
TKT-00427,backlog_end,,,,2026-03-06 08:59:03,Account Access,P4,EN,2,2026-03-09 09:00:00,2026-03-13 09:00:00,,
TKT-00428,scheduled,GEN-03,2026-03-06 09:20:00,2026-03-06 09:55:00,2026-03-06 09:10:16,Product Support,P2,EN,7,2026-03-06 10:10:16,2026-03-09 09:11:00,0.00,0.00
TKT-00429,scheduled,PS-01,2026-03-06 09:20:00,2026-03-06 09:50:00,2026-03-06 09:17:41,Product Support,P3,EN,6,2026-03-06 13:17:41,2026-03-10 09:18:00,0.00,0.00
TKT-00430,scheduled,GEN-01,2026-03-06 09:40:00,2026-03-06 11:05:00,2026-03-06 09:35:20,Product Support,P3,EN,17,2026-03-06 13:35:20,2026-03-10 09:36:00,0.00,0.00
TKT-00431,backlog_end,,,,2026-03-06 09:37:53,Account Access,P4,EN,5,2026-03-09 09:38:00,2026-03-13 09:38:00,,
TKT-00432,scheduled,SIC-01,2026-03-06 09:45:00,2026-03-06 10:15:00,2026-03-06 09:40:07,Product Support,P2,EN,6,2026-03-06 10:40:07,2026-03-09 09:41:00,0.00,0.00
TKT-00433,scheduled,PS-01,2026-03-06 09:50:00,2026-03-06 10:10:00,2026-03-06 09:40:21,Product Support,P3,EN,4,2026-03-06 13:40:21,2026-03-10 09:41:00,0.00,0.00
TKT-00434,scheduled,GEN-03,2026-03-06 09:55:00,2026-03-06 10:25:00,2026-03-06 09:44:08,Account Access,P3,EN,6,2026-03-06 13:44:08,2026-03-10 09:45:00,0.00,0.00
TKT-00435,scheduled,GEN-02,2026-03-06 10:10:00,2026-03-06 10:40:00,2026-03-06 09:46:16,Product Support,P3,EN,6,2026-03-06 13:46:16,2026-03-10 09:47:00,0.00,0.00
TKT-00436,scheduled,PS-01,2026-03-06 10:10:00,2026-03-06 11:40:00,2026-03-06 09:48:01,Product Support,P3,EN,18,2026-03-06 13:48:01,2026-03-10 09:49:00,0.00,0.00
TKT-00437,backlog_end,,,,2026-03-06 09:49:28,Billing,P4,DE,4,2026-03-09 09:50:00,2026-03-13 09:50:00,,
TKT-00438,scheduled,SIC-01,2026-03-06 10:15:00,2026-03-06 10:40:00,2026-03-06 09:54:31,Account Access,P1,EN,5,2026-03-06 10:09:31,2026-03-06 13:54:31,5.48,0.00
TKT-00439,scheduled,PS-02,2026-03-06 10:15:00,2026-03-06 10:40:00,2026-03-06 09:56:01,Product Support,P3,EN,5,2026-03-06 13:56:01,2026-03-10 09:57:00,0.00,0.00
TKT-00440,scheduled,GEN-02,2026-03-06 10:40:00,2026-03-06 10:55:00,2026-03-06 09:57:13,Account Access,P3,EN,3,2026-03-06 13:57:13,2026-03-10 09:58:00,0.00,0.00
TKT-00441,scheduled,GEN-03,2026-03-06 10:25:00,2026-03-06 11:00:00,2026-03-06 09:59:55,Billing,P3,EN,7,2026-03-06 13:59:55,2026-03-10 10:00:00,0.00,0.00
TKT-00442,backlog_end,,,,2026-03-06 10:02:37,Account Access,P4,EN,5,2026-03-09 10:03:00,2026-03-13 10:03:00,,
TKT-00443,scheduled,PS-02,2026-03-06 10:40:00,2026-03-06 11:20:00,2026-03-06 10:05:07,Product Support,P3,EN,8,2026-03-06 14:05:07,2026-03-10 10:06:00,0.00,0.00
TKT-00444,scheduled,INT-02,2026-03-06 10:15:00,2026-03-06 10:55:00,2026-03-06 10:10:47,Integrations/API,P2,EN,8,2026-03-06 11:10:47,2026-03-09 10:11:00,0.00,0.00
TKT-00445,backlog_end,,,,2026-03-06 10:18:36,Account Access,P4,DE,2,2026-03-09 10:19:00,2026-03-13 10:19:00,,
TKT-00446,backlog_end,,,,2026-03-06 10:21:03,Integrations/API,P4,DE,20,2026-03-09 10:22:00,2026-03-13 10:22:00,,
TKT-00447,scheduled,GEN-02,2026-03-06 10:55:00,2026-03-06 11:10:00,2026-03-06 10:21:30,Billing,P3,EN,3,2026-03-06 14:21:30,2026-03-10 10:22:00,0.00,0.00
TKT-00448,scheduled,GEN-01,2026-03-06 11:05:00,2026-03-06 11:20:00,2026-03-06 10:26:05,Billing,P3,EN,3,2026-03-06 14:26:05,2026-03-10 10:27:00,0.00,0.00
TKT-00449,scheduled,GEN-03,2026-03-06 11:00:00,2026-03-06 12:15:00,2026-03-06 10:26:25,Product Support,P3,EN,15,2026-03-06 14:26:25,2026-03-10 10:27:00,0.00,0.00
TKT-00450,scheduled,SIC-01,2026-03-06 10:40:00,2026-03-06 11:00:00,2026-03-06 10:27:28,Product Support,P2,EN,4,2026-03-06 11:27:28,2026-03-09 10:28:00,0.00,0.00
TKT-00451,backlog_end,,,,2026-03-06 10:29:25,Integrations/API,P4,EN,10,2026-03-09 10:30:00,2026-03-13 10:30:00,,
TKT-00452,scheduled,PS-02,2026-03-06 11:20:00,2026-03-06 12:05:00,2026-03-06 10:35:02,Product Support,P3,EN,9,2026-03-06 14:35:02,2026-03-10 10:36:00,0.00,0.00
TKT-00453,backlog_end,,,,2026-03-06 10:35:03,Product Support,P4,EN,8,2026-03-09 10:36:00,2026-03-13 10:36:00,,
TKT-00454,scheduled,GEN-02,2026-03-06 11:10:00,2026-03-06 11:40:00,2026-03-06 10:39:06,Billing,P3,DE,6,2026-03-06 14:39:06,2026-03-10 10:40:00,0.00,0.00
TKT-00455,scheduled,GEN-01,2026-03-06 11:20:00,2026-03-06 11:35:00,2026-03-06 10:40:19,Account Access,P3,EN,3,2026-03-06 14:40:19,2026-03-10 10:41:00,0.00,0.00
TKT-00456,backlog_end,,,,2026-03-06 10:40:57,Product Support,P4,EN,11,2026-03-09 10:41:00,2026-03-13 10:41:00,,
TKT-00457,backlog_end,,,,2026-03-06 10:44:53,Billing,P4,DE,4,2026-03-09 10:45:00,2026-03-13 10:45:00,,
TKT-00458,scheduled,INT-01,2026-03-06 14:00:00,2026-03-06 14:45:00,2026-03-06 10:53:47,Integrations/API,P3,EN,9,2026-03-06 14:53:47,2026-03-10 10:54:00,0.00,0.00
TKT-00459,backlog_end,,,,2026-03-06 10:58:02,Integrations/API,P3,DE,20,2026-03-06 14:58:02,2026-03-10 10:59:00,,
TKT-00460,scheduled,SIC-01,2026-03-06 11:05:00,2026-03-06 11:35:00,2026-03-06 11:00:26,Product Support,P2,EN,6,2026-03-06 12:00:26,2026-03-09 11:01:00,0.00,0.00
TKT-00461,scheduled,GEN-01,2026-03-06 12:25:00,2026-03-06 12:40:00,2026-03-06 11:04:15,Billing,P3,EN,3,2026-03-06 15:04:15,2026-03-10 11:05:00,0.00,0.00
TKT-00462,scheduled,PS-02,2026-03-06 12:50:00,2026-03-06 13:25:00,2026-03-06 11:06:09,Product Support,P3,EN,7,2026-03-06 15:06:09,2026-03-10 11:07:00,0.00,0.00
TKT-00463,scheduled,INT-02,2026-03-06 14:30:00,2026-03-06 14:55:00,2026-03-06 11:13:26,Integrations/API,P3,EN,5,2026-03-06 15:13:26,2026-03-10 11:14:00,0.00,0.00
TKT-00464,backlog_end,,,,2026-03-06 11:15:30,Product Support,P4,EN,9,2026-03-09 11:16:00,2026-03-13 11:16:00,,
TKT-00465,scheduled,INT-01,2026-03-06 14:45:00,2026-03-06 15:30:00,2026-03-06 11:18:13,Integrations/API,P3,EN,9,2026-03-06 15:18:13,2026-03-10 11:19:00,0.00,0.00
TKT-00466,scheduled,GEN-03,2026-03-06 13:00:00,2026-03-06 13:20:00,2026-03-06 11:18:49,Product Support,P3,EN,4,2026-03-06 15:18:49,2026-03-10 11:19:00,0.00,0.00
TKT-00467,scheduled,GEN-03,2026-03-06 13:50:00,2026-03-06 14:20:00,2026-03-06 11:20:47,Account Access,P3,EN,6,2026-03-06 15:20:47,2026-03-10 11:21:00,0.00,0.00
TKT-00468,scheduled,GEN-03,2026-03-06 13:20:00,2026-03-06 13:50:00,2026-03-06 11:24:36,Product Support,P3,EN,6,2026-03-06 15:24:36,2026-03-10 11:25:00,0.00,0.00
TKT-00469,scheduled,PS-02,2026-03-06 13:45:00,2026-03-06 14:15:00,2026-03-06 11:26:53,Product Support,P3,EN,6,2026-03-06 15:26:53,2026-03-10 11:27:00,0.00,0.00
TKT-00470,scheduled,INT-01,2026-03-06 12:20:00,2026-03-06 13:25:00,2026-03-06 11:28:26,Integrations/API,P2,EN,13,2026-03-06 12:28:26,2026-03-09 11:29:00,0.00,0.00
TKT-00471,backlog_end,,,,2026-03-06 11:29:46,Account Access,P4,EN,3,2026-03-09 11:30:00,2026-03-13 11:30:00,,
TKT-00472,scheduled,SIC-01,2026-03-06 11:35:00,2026-03-06 12:50:00,2026-03-06 11:30:15,Integrations/API,P1,EN,15,2026-03-06 11:45:15,2026-03-06 15:30:15,0.00,0.00
TKT-00473,scheduled,PS-01,2026-03-06 14:15:00,2026-03-06 14:45:00,2026-03-06 11:30:59,Product Support,P3,EN,6,2026-03-06 15:30:59,2026-03-10 11:31:00,0.00,0.00
TKT-00474,scheduled,GEN-02,2026-03-06 12:05:00,2026-03-06 12:55:00,2026-03-06 11:40:41,Product Support,P2,DE,10,2026-03-06 12:40:41,2026-03-09 11:41:00,0.00,0.00
TKT-00475,scheduled,GEN-01,2026-03-06 14:50:00,2026-03-06 15:00:00,2026-03-06 11:40:43,Billing,P3,DE,2,2026-03-06 15:40:43,2026-03-10 11:41:00,0.00,0.00
TKT-00476,scheduled,GEN-01,2026-03-06 11:50:00,2026-03-06 12:25:00,2026-03-06 11:41:46,Product Support,P2,EN,7,2026-03-06 12:41:46,2026-03-09 11:42:00,0.00,0.00
TKT-00477,scheduled,GEN-03,2026-03-06 14:40:00,2026-03-06 15:00:00,2026-03-06 11:44:16,Product Support,P3,EN,4,2026-03-06 15:44:16,2026-03-10 11:45:00,0.00,0.00
TKT-00478,backlog_end,,,,2026-03-06 11:47:33,Account Access,P4,EN,2,2026-03-09 11:48:00,2026-03-13 11:48:00,,
TKT-00479,scheduled,PS-02,2026-03-06 12:05:00,2026-03-06 12:50:00,2026-03-06 11:48:29,Product Support,P1,EN,9,2026-03-06 12:03:29,2026-03-06 15:48:29,1.52,0.00
TKT-00480,backlog_end,,,,2026-03-06 11:48:54,Account Access,P4,DE,3,2026-03-09 11:49:00,2026-03-13 11:49:00,,
TKT-00481,scheduled,GEN-03,2026-03-06 12:15:00,2026-03-06 12:25:00,2026-03-06 11:55:07,Account Access,P2,DE,2,2026-03-06 12:55:07,2026-03-09 11:56:00,0.00,0.00
TKT-00482,backlog_end,,,,2026-03-06 11:56:01,Billing,P3,DE,7,2026-03-06 15:56:01,2026-03-10 11:57:00,,
TKT-00483,scheduled,INT-02,2026-03-06 12:10:00,2026-03-06 14:30:00,2026-03-06 11:58:06,Integrations/API,P1,EN,28,2026-03-06 12:13:06,2026-03-06 15:58:06,0.00,0.00
TKT-00484,backlog_end,,,,2026-03-06 11:58:36,Billing,P4,DE,3,2026-03-09 11:59:00,2026-03-13 11:59:00,,
TKT-00485,backlog_end,,,,2026-03-06 11:59:41,Account Access,P4,EN,6,2026-03-09 12:00:00,2026-03-13 12:00:00,,
TKT-00486,backlog_end,,,,2026-03-06 12:04:40,Product Support,P4,EN,4,2026-03-09 12:05:00,2026-03-13 12:05:00,,
TKT-00487,backlog_end,,,,2026-03-06 12:13:15,Product Support,P3,DE,6,2026-03-09 08:14:00,2026-03-10 12:14:00,,
TKT-00488,scheduled,GEN-03,2026-03-06 12:25:00,2026-03-06 13:00:00,2026-03-06 12:13:23,Product Support,P2,EN,7,2026-03-06 13:13:23,2026-03-09 12:14:00,0.00,0.00
TKT-00489,backlog_end,,,,2026-03-06 12:14:41,Account Access,P4,EN,5,2026-03-09 12:15:00,2026-03-13 12:15:00,,
TKT-00490,scheduled,PS-01,2026-03-06 12:40:00,2026-03-06 14:15:00,2026-03-06 12:29:11,Product Support,P2,EN,19,2026-03-06 13:29:11,2026-03-09 12:30:00,0.00,0.00
TKT-00491,backlog_end,,,,2026-03-06 12:33:23,Account Access,P3,EN,2,2026-03-09 08:34:00,2026-03-10 12:34:00,,
TKT-00492,backlog_end,,,,2026-03-06 12:33:34,Product Support,P4,DE,9,2026-03-09 12:34:00,2026-03-13 12:34:00,,
TKT-00493,scheduled,GEN-01,2026-03-06 12:40:00,2026-03-06 12:50:00,2026-03-06 12:34:29,Billing,P2,DE,2,2026-03-06 13:34:29,2026-03-09 12:35:00,0.00,0.00
TKT-00494,backlog_end,,,,2026-03-06 12:34:42,Product Support,P4,EN,8,2026-03-09 12:35:00,2026-03-13 12:35:00,,
TKT-00495,backlog_end,,,,2026-03-06 12:41:28,Account Access,P4,EN,4,2026-03-09 12:42:00,2026-03-13 12:42:00,,
TKT-00496,backlog_end,,,,2026-03-06 12:50:16,Product Support,P3,EN,6,2026-03-09 08:51:00,2026-03-10 12:51:00,,
TKT-00497,backlog_end,,,,2026-03-06 12:51:58,Account Access,P3,EN,5,2026-03-09 08:52:00,2026-03-10 12:52:00,,
TKT-00498,backlog_end,,,,2026-03-06 12:58:06,Integrations/API,P3,EN,21,2026-03-09 08:59:00,2026-03-10 12:59:00,,
TKT-00499,backlog_end,,,,2026-03-06 13:01:39,Integrations/API,P3,EN,10,2026-03-09 09:02:00,2026-03-10 13:02:00,,
TKT-00500,scheduled,SIC-01,2026-03-06 13:05:00,2026-03-06 13:45:00,2026-03-06 13:04:33,Integrations/API,P1,EN,8,2026-03-06 13:19:33,2026-03-09 09:05:00,0.00,0.00
TKT-00501,scheduled,PS-01,2026-03-06 15:40:00,2026-03-06 15:55:00,2026-03-06 13:13:23,Product Support,P4,DE,3,2026-03-09 13:14:00,2026-03-13 13:14:00,0.00,0.00
TKT-00502,backlog_end,,,,2026-03-06 13:16:31,Account Access,P4,EN,11,2026-03-09 13:17:00,2026-03-13 13:17:00,,
TKT-00503,backlog_end,,,,2026-03-06 13:32:05,Account Access,P4,EN,15,2026-03-09 13:33:00,2026-03-13 13:33:00,,
TKT-00504,backlog_end,,,,2026-03-06 13:34:44,Product Support,P4,EN,6,2026-03-09 13:35:00,2026-03-13 13:35:00,,
TKT-00505,scheduled,SIC-01,2026-03-06 13:50:00,2026-03-06 13:55:00,2026-03-06 13:49:41,Account Access,P2,DE,1,2026-03-06 14:49:41,2026-03-09 13:50:00,0.00,0.00
TKT-00506,backlog_end,,,,2026-03-06 14:06:39,Integrations/API,P3,EN,18,2026-03-09 10:07:00,2026-03-10 14:07:00,,
TKT-00507,scheduled,PS-02,2026-03-06 15:40:00,2026-03-06 16:00:00,2026-03-06 14:10:56,Product Support,P3,EN,4,2026-03-09 10:11:00,2026-03-10 14:11:00,0.00,0.00
TKT-00508,backlog_end,,,,2026-03-06 14:14:22,Product Support,P4,EN,12,2026-03-09 14:15:00,2026-03-13 14:15:00,,
TKT-00509,backlog_end,,,,2026-03-06 14:43:49,Billing,P4,EN,2,2026-03-09 14:44:00,2026-03-13 14:44:00,,
TKT-00510,scheduled,PS-01,2026-03-06 15:25:00,2026-03-06 15:40:00,2026-03-06 15:07:01,Product Support,P4,DE,3,2026-03-09 15:08:00,2026-03-13 15:08:00,0.00,0.00
TKT-00511,backlog_end,,,,2026-03-06 15:21:29,Billing,P2,EN,8,2026-03-09 08:22:00,2026-03-09 15:22:00,,
